,ETH Vault_collateral_usd,stETH Vault_collateral_usd,BTC Vault_collateral_usd,Altcoin Vault_collateral_usd,Stablecoin Vault_collateral_usd,LP Vault_collateral_usd,PSM Vault_collateral_usd
2022-05-20,4482177738.919605,307235899.2387969,1183056123.9729788,247449491.3031149,201033544.19045627,75055308.17474855,2614780361.7570415
2022-05-21,3190083384.2140403,706478899.9671,1507784673.9504983,492689572.6395129,465339722.68266565,718919213.7018824,2024269678.243598
2022-05-22,3118377070.8908677,647309459.29214,1402062609.531317,456524451.3432036,523359454.7320328,853495493.0047694,2135463082.8015544
2022-05-23,3126016778.1565804,651615419.2400517,1384565635.1187003,485750665.8409577,519902287.2179422,856863500.5489166,2129004908.2032068
2022-05-24,3125758632.976466,553440317.5936339,1394716236.7598045,474761065.1298106,524631494.66123885,856497257.8307327,2158245336.192923
2022-05-25,3109398691.819126,658278830.0205315,1356817425.211906,459654475.3533207,515811163.85274005,850246240.0987113,2133134610.1221607
2022-05-26,3135261766.097238,700068831.4906905,1363338982.2084298,467904073.2292863,517679115.5951439,868729653.3766592,2135105799.1596227
2022-05-27,3140177194.622504,647357093.6056052,1363751256.2907207,461328714.486568,517109999.4863575,880615767.0994275,2170560920.1862597
2022-05-28,3131513550.76504,642190492.7587059,1354089506.1004014,469950043.4139897,521153513.5575795,923324144.6577219,2166839909.5930405
2022-05-29,3152425149.4293976,640161657.4581422,1357844743.892786,451193364.916472,512821762.1172676,858994956.7093159,2168739814.8310246
2022-05-30,3131100989.862156,651350735.3630195,1366624517.6715004,468589736.79295707,513671391.2718379,906726006.0612123,2154255234.0915756
2022-05-31,3151291115.961123,698105826.0433527,1310677266.788129,465958702.1758893,517938817.02186996,902246815.7056042,2173120515.87985
2022-06-01,3177183992.947693,673971474.4338852,1341251475.0903037,444685324.98584455,513242185.11221975,906071182.8045845,2180450279.288668
2022-06-02,3138001875.159186,708407813.3571978,1353592757.0717258,430716202.25318885,519668954.89637,926231427.453503,2185610059.6765537
2022-06-03,3165459539.7823052,684316291.4504447,1350768788.8990817,450179493.70712006,514632047.46896803,876121020.6563723,2187642893.9302497
2022-06-04,3168772473.499544,640670251.1622303,1344467135.999167,439921907.22819,508920627.9989525,904108530.9564136,2182840353.292618
2022-06-05,3136824865.8924456,642263706.1653569,1341689305.0602796,420847227.71611834,503227079.15198797,909119329.0032977,2181078583.986435
2022-06-06,3135443980.048939,688495482.770637,1274054759.1348972,445230839.46736646,505096159.9910022,900999336.2956227,2169050858.7406516
2022-06-07,3106818125.187969,696959641.9924831,1294381477.395445,431026666.8484309,498952447.51198936,905538163.1317178,2155635817.01425
2022-06-08,3106515466.3287997,730961779.2204822,1281317755.0352905,453388116.24232775,507478006.83302957,936187609.5029012,2146858800.8875144
2022-06-09,3135031527.7396355,672452361.7567807,1297847852.4501011,421793394.08269525,493990956.55542356,923265855.6062869,2178863749.0651684
2022-06-10,3141601342.538535,750665336.9618208,1286936343.7749424,441733789.7619126,500133561.7207709,927961022.2327195,2148735369.338604
2022-06-11,3138635628.1077614,724606739.1943822,1299341801.1880891,447319166.7300903,495767393.2042663,918022046.7760786,2187685057.6983685
2022-06-12,3155186049.2815223,700210499.1446728,1277157894.8062472,428584278.0788734,498396809.0299852,961763996.4254892,2184657299.802202
2022-06-13,3129220267.645301,756586911.3762492,1289338684.0684178,426646457.44829065,494324948.75051093,1002440143.5538877,2178392442.453124
2022-06-14,3168896281.5052276,732714787.8117822,1313139804.7049263,427974281.0506528,494897764.41280216,910434562.356604,2199340139.838116
2022-06-15,3180784531.254134,800164388.3541174,1298576380.6004276,411769951.4824035,490586707.6071709,925453376.981119,2198575970.3981876
2022-06-16,3158549607.3720436,788137297.4421449,1297727942.8752468,451186294.07978517,492955257.9483024,1063351361.1911004,2212698772.7767596
2022-06-17,3200252357.666595,772081309.056581,1326693617.335178,420234176.93710864,490462437.42536664,967732139.1882483,2258290718.4493914
2022-06-18,3234521087.8591366,834984665.2576991,1323724761.5606508,402505592.4026812,501819345.4999114,985940409.1741103,2248351531.4210706
2022-06-19,3230843142.9857497,790567900.3781266,1332845508.9261813,418847174.6569255,481204560.6927738,959421628.3480126,2291288635.9888277
2022-06-20,3212831769.3555126,809769002.3282,1310409177.8023446,422830388.11748827,493935018.17980766,1007249994.1152625,2275361488.798216
2022-06-21,3241071581.745128,816483725.8075871,1336765560.7078812,398638609.8991039,490151155.33290315,954849372.1796364,2287684848.1120815
2022-06-22,3223160876.7175145,747104648.6766266,1338062585.398374,400817882.5094429,501847648.4962774,1051635707.8280177,2289802562.553428
2022-06-23,3247943101.073921,846381321.1366767,1316713595.6942413,412752294.34216297,487138052.8298115,1024742589.7749846,2289514190.063714
2022-06-24,3231823431.1565228,796924231.8880267,1336588825.3761172,397437219.99530876,486316904.18841875,1014667853.5244187,2303545613.7359595
2022-06-25,3243293271.865626,860232412.3536662,1339475613.6685998,396005377.3695209,491149266.03111553,1029073778.7470886,2286440538.7874904
2022-06-26,3258046775.6651444,773863105.0003622,1342932896.6614978,387403710.9794225,479077858.62177724,1138395760.1576788,2318412766.3825526
2022-06-27,3300220270.662522,810120540.8554925,1326948817.0840962,389266629.0951561,475034715.13994324,1028642737.4597915,2336456231.1343656
2022-06-28,3266695519.390102,856587099.8018129,1325450697.2702227,376583852.57214427,493309415.8959916,1072592016.5501106,2324170035.474757
2022-06-29,3275377500.359531,829233168.5797246,1324239863.3670583,399133398.2040957,491642407.17347926,1054511493.4202261,2343937651.2220736
2022-06-30,3283456831.3252435,839888485.1596525,1364059151.1001341,370656721.5907687,482462675.93865114,1101320055.313459,2345203881.087905
2022-07-01,3280675903.494651,813284455.9489424,1364339890.421532,380175363.07650536,468358017.98192984,1093471475.5516763,2364782538.5141263
2022-07-02,3303982100.8828974,848971287.8427402,1328307019.9325333,382575728.065477,493982989.20883024,1072943317.0580597,2360989127.972492
2022-07-03,3287496436.35189,839655942.6499144,1329886324.6430485,385239980.1569184,494538671.46260685,1112999746.0746052,2364916216.658392
2022-07-04,3301709989.088277,789863214.5879967,1368455084.13184,386603614.5770806,490255773.34447825,1182885435.6313481,2382450034.852349
2022-07-05,3320232916.3907084,855147034.6670103,1364657212.7861164,365494349.6048173,484976005.27141315,1085420948.6225085,2402227995.239832
2022-07-06,3331298470.571501,847098536.4252923,1355438680.4335432,348572223.42564523,466469488.0425556,1085667320.8182425,2398139544.638373
2022-07-07,3301138010.0898056,883437054.0475829,1343093912.8653991,345479096.38206005,454514732.4649142,1125639179.086353,2369434584.8137693
2022-07-08,3298067005.6938133,843591971.4544764,1353607224.705027,344781761.8179861,459120665.5881708,1148549289.123917,2366347829.865757
2022-07-09,3316430526.720248,851946601.1559714,1333847402.7291675,418991609.96676636,462734266.7661948,1192276517.23892,2376862525.0340133
2022-07-10,3318429521.1194415,895399022.6353139,1377284884.411823,347940929.0689684,484609132.05173475,1211794089.4079416,2425391968.286426
2022-07-11,3353820597.126106,929330691.0811244,1370254029.5950308,368436450.2444308,472285332.95737934,1111663681.425502,2459979306.967281
2022-07-12,3350164545.3134465,902744553.8424598,1385057122.8362434,332319539.98404485,475118939.8987942,1151128829.2409878,2459602377.441777
2022-07-13,3349544994.706028,907726756.4767696,1344577513.758442,370691228.5183765,471362179.2583044,1187112183.5892665,2470042950.4084888
2022-07-14,3342279157.22653,877734007.9727933,1372276639.6177797,350379288.5108091,482864399.240668,1171211376.382838,2494458699.355567
2022-07-15,3305253521.7246523,923851322.4052825,1392555586.89,349322342.26182806,474952572.28912824,1103109217.6095943,2497010039.864013
2022-07-16,3294266723.877199,910312746.9210415,1350303144.6886234,371194588.5651941,472983357.91091335,1096339527.1530967,2490006584.035061
2022-07-17,3258790899.643242,924156017.3059341,1356029915.4395053,351233498.5473283,478359814.59535104,1102244600.2450294,2488924450.038984
2022-07-18,3233912778.034288,871260812.9133874,1335600945.2294326,346680907.8617948,474758672.5056329,1250805462.8774374,2492569161.320304
2022-07-19,3226178267.571981,895079343.2380996,1359479936.1636565,360072808.45273733,504749991.39009243,1235535026.438563,2511975206.0525465
2022-07-20,3266027752.7545943,919280041.7025315,1366295938.0909197,340362252.1076472,491284778.6582491,1136074209.0750577,2536975308.7418046
2022-07-21,3260116616.7227306,898324496.8412331,1359291433.838663,350477961.9654568,480290326.5897552,1203610969.9030538,2544470744.102628
2022-07-22,3245807114.088126,900940209.5006124,1353863673.2737894,349038686.5879094,480753464.30376416,1091402169.3542976,2565645587.7216787
2022-07-23,3205451319.9058056,943652342.4489751,1346275041.0982723,327595367.5814217,470829266.57318604,1183806241.0135202,2535098747.0372806
2022-07-24,3216781106.2212124,891843191.6872739,1335063415.0173566,300134828.4964359,473190601.52699625,1235213275.500287,2559740539.619624
2022-07-25,3203465379.463298,879952475.1027952,1345022808.3725057,334335133.5947179,501410461.03178966,1194023315.599047,2567637720.1974406
2022-07-26,3176483999.144951,900293511.0147791,1348984679.030668,347631536.6745115,458876143.2943637,1094670175.3859138,2592010950.070287
2022-07-27,3115600862.8378067,907702955.035617,1330700391.5660765,313485731.44667697,485578498.7077618,1091925595.4326398,2554588964.6758842
2022-07-28,3098559589.2715054,881248929.8608948,1285309432.4652648,340828647.1499553,477312052.4514198,1098933940.603152,2529885808.531114
2022-07-29,3053971744.8899746,908449378.4865556,1275326949.191289,322287259.2001474,482569263.35276747,1178892123.0817683,2521872364.5439386
2022-07-30,3068359544.9930344,856332078.5928773,1265050352.0150268,320802883.1341659,467975030.4921842,1188298124.9889655,2530147332.130577
2022-07-31,3022618292.6240926,954739448.0146555,1279087126.7221007,319537119.6312942,484343129.0659501,1127571834.8976355,2526934712.66727
2022-08-01,3046965421.0644045,897020945.0938035,1306686586.77949,350317976.5591991,474786630.6374608,1224598024.9898782,2547278727.297906
2022-08-02,3041978576.806877,847089676.7421308,1338987638.9158144,320930196.3972139,478211396.34027225,1203790329.2112494,2599492884.20179
2022-08-03,3024698817.666315,866686915.8682286,1293090808.60867,325837537.86403906,471092372.30777323,1194550819.9815407,2585716429.5404463
2022-08-04,3031458169.3204036,921124841.1884788,1288619960.7162616,332789128.220332,481832867.35634553,1170181671.279117,2571191151.6596885
2022-08-05,3046787236.5195637,866896004.6122627,1287751784.779731,315704244.95141864,477111468.8193123,1202795797.8533916,2590064820.2390714
2022-08-06,3033547168.4063587,864733304.776464,1315924296.1237867,318067132.91880745,474219777.49777776,1151448775.1475806,2572529681.803037
2022-08-07,3016105699.8691406,804199574.084615,1285506162.4787252,319266367.163758,473910728.6358242,1123879214.7277424,2546852408.0706058
2022-08-08,2990487551.178726,861926741.617535,1262298859.7034614,325985754.7366334,477396390.80309886,1156652872.2457922,2501962748.4020567
2022-08-09,2956947185.0975347,874945806.0331131,1271299002.9527652,323463302.71313703,489559113.7409424,1144485580.0637276,2498213601.503683
2022-08-10,2960247954.6092353,882299348.4418288,1249556250.636013,311213290.9330818,454049639.8438666,1262800490.698074,2498250869.055027
2022-08-11,3014679349.531963,904983747.6030929,1263396297.3921933,310611847.6217392,475912210.7428295,1204495447.8372672,2496045787.310952
2022-08-12,2993649726.4702225,872167854.9138849,1284136402.2213473,309050360.0613274,461793369.396595,1258868141.8410006,2509217599.3155193
2022-08-13,2995867897.826189,926217690.4895772,1287429114.6937237,312737595.51742804,462791111.371202,1163663072.1721442,2504192018.1515527
2022-08-14,3016980490.7904296,951467436.1403928,1273744368.7713418,302190556.0353638,470727768.74069667,1135733498.4243073,2497029263.03493
2022-08-15,2999490960.247305,880677491.7794483,1307597543.6029758,334277995.8044958,458570396.1080449,1238458029.0917184,2494288722.716476
2022-08-16,3024106116.883393,888946578.9358872,1280077911.7818618,343944045.21464,464855654.1007916,1225942900.4749548,2510013818.7922797
2022-08-17,3037096775.2934794,912382640.6715399,1286310979.3445966,331502287.73025656,464383551.2005641,1296188952.865715,2503339386.196162
2022-08-18,3066611846.689552,876062553.7980138,1295119260.6677237,348404484.26778376,465293120.54243153,1314272581.246395,2517516416.514854
2022-08-19,3079706189.3996706,934633839.1802363,1348875164.6445158,296147697.5024571,469181149.7455667,1167102549.5791934,2545815710.99813
2022-08-20,3052038712.5607896,897841484.0843992,1342981493.3952923,316036303.8804977,469791450.9369849,1316771734.1433256,2530360804.807794
2022-08-21,3089101567.596369,930878651.7683136,1363736720.7042613,318939311.97314584,451470021.27723956,1180809819.565199,2542430719.771608
2022-08-22,3069429610.2575006,905408530.6170418,1322040815.0506337,316423303.33104426,453207168.30748075,1253513478.4829786,2521575146.6718755
2022-08-23,3046727362.00947,908717613.1159511,1335317208.2648418,320459082.65935946,442702654.49415314,1371935008.0318727,2495530281.6964965
2022-08-24,3102865308.0131254,974624243.8878714,1318630316.8106349,314458545.56198275,459971310.07542074,1156197527.5838954,2532750338.2836566
2022-08-25,3074523847.9665093,893633484.0619137,1325399838.8059754,322603607.3683193,446112039.83184016,1127215217.6516814,2507225197.6699347
2022-08-26,3027791927.844807,920159929.6069438,1296634635.8625937,312085005.1721808,440349658.57842493,1121164131.232997,2447443711.838312
2022-08-27,2972675118.911797,917327612.9965669,1286654425.633486,316642084.9975966,473304107.4657023,1151004812.106245,2418975481.0551314
2022-08-28,2939858778.2323465,908308779.3556838,1262169849.167514,328669741.966939,473872593.75043535,1165923026.4129755,2406926192.661794
2022-08-29,2968893589.5071607,882796507.6933606,1275337028.4761007,323869948.51591355,453772755.0973587,1178925031.7889433,2387276770.3607783
2022-08-30,2905759714.1035233,962027721.9461553,1263690781.9262736,347084126.3240089,443591450.9451575,1187554377.8928053,2398724253.0915847
2022-08-31,2883373339.34622,911316304.7951475,1284971817.583261,301184416.02555734,448108550.85072535,1185299093.4649873,2403532935.229217
2022-09-01,2875409389.666775,921949664.7553177,1275943162.2945857,318542782.29738975,445924642.6352505,1141598368.7066576,2383015907.1265416
2022-09-02,2834939336.8509774,926813500.6512222,1292125953.747397,286352781.7184765,432907949.4071711,1174803880.1950002,2390559078.658207
2022-09-03,2807629886.508038,906788393.818605,1287822714.033625,318653900.42883074,456734260.16381794,1153879524.620053,2386598355.797115
2022-09-04,2814446568.1340823,951822427.2824618,1293836756.3662455,272643589.6012884,433645455.91782826,1220892963.7938216,2394612763.366122
2022-09-05,2797782057.310726,952675616.2154639,1300746841.9656212,305411106.5938406,441444602.8861522,1143932771.1252162,2409934809.8901587
2022-09-06,2776037000.500753,926341460.2551024,1282189683.583722,331904837.3846825,428240432.97576565,1160740911.3299284,2406242079.751216
2022-09-07,2754089721.680947,995216337.1496705,1274080203.0449185,304020419.9204955,416173681.48423034,1162279470.6774392,2400820889.501861
2022-09-08,2737186298.492827,974926891.9125434,1273383346.7353396,285136863.4780962,416976190.0002598,1221290925.2504487,2410312483.7290406
2022-09-09,2719664236.8887978,988235263.4956856,1289200260.2557292,305115061.20870966,437619591.7625388,1160533919.7473238,2423959792.9590254
2022-09-10,2698957827.6204042,1004066079.3827131,1277786855.1753118,320981694.1940636,419208859.49653065,1349248655.8015964,2437598207.88757
2022-09-11,2750551683.8251505,1000003355.6818373,1323473866.235658,346358712.7548236,449183686.1590467,1075378601.5044498,2500229660.6258097
2022-09-12,2709697157.327531,1034366739.8587942,1309697902.5278614,291779806.6223639,434203592.4219085,1123840019.7759523,2482239735.9018254
2022-09-13,2684895712.225293,972755749.3613709,1305043555.1450343,348641623.86618763,441768299.00359356,1245961855.7067363,2473459226.3705506
2022-09-14,2683070804.0405045,970403340.9001193,1352076452.8503118,320974577.9333978,429769314.9557274,1225963548.6250184,2513152292.165066
2022-09-15,2680873739.0079403,1023555207.2793581,1356373599.2624433,293451012.246708,443983090.16776615,1126668966.5423338,2527739392.826219
2022-09-16,2682350298.976183,1022405887.7567726,1338489641.9984217,343693502.6103431,427496564.7336587,1215854393.6554785,2513679659.2028375
2022-09-17,2695320702.831818,992619955.7928501,1343301735.7960587,331617922.7986883,416121617.901645,1288274240.3125637,2558618045.375096
2022-09-18,2678552015.6435733,1051839254.8976984,1381186812.9169493,304098085.1701288,425984714.1892024,1162396743.4881382,2584100136.6721215
2022-09-19,2659006533.3539996,1067872742.4684769,1352064449.9438207,308939487.85864955,402710836.2713872,1126501734.762884,2563028199.968617
2022-09-20,2630560907.3230896,987637788.2264708,1362459530.4965458,305912317.86940885,402070289.89847994,1141969852.461505,2553352069.3026342
2022-09-21,2536274597.7708907,1036028395.8263414,1337190979.2348864,291995529.9823311,427032870.496661,1194612977.8310583,2524202401.70527
2022-09-22,2533990430.4663987,987093336.6154819,1308995658.4062462,327347625.2491798,404029460.9966048,1296982045.9708006,2532040522.133555
2022-09-23,2561260314.950279,1063488188.0113101,1373545075.9939287,308221230.7884876,416258255.68273354,1119280421.6614857,2535945062.95735
2022-09-24,2536267228.3289104,1104476733.69558,1346631560.685361,319925152.56683683,411543683.3982057,1185954428.8450415,2531595437.1910386
2022-09-25,2550630651.47269,994721665.7484449,1368493302.5825615,298790882.1953151,418369312.1777643,1130133424.2641926,2562398634.448615
2022-09-26,2518568241.7521915,1063150219.2601438,1321146367.8052492,286802959.05062205,418685451.699565,1113335626.598534,2527071455.399567
2022-09-27,2466162297.3530984,1019735755.6609064,1346254516.669504,305616857.9521998,418664943.17828006,1215674248.2422593,2526869248.731016
2022-09-28,2503197022.0959682,988589527.7181685,1377693861.2145207,315256834.4165428,410104490.6687319,1080655457.8005986,2534857170.6511364
2022-09-29,2459728646.296604,1073616126.481033,1359391281.5457268,294259390.1975139,396257021.245782,1138494382.0288253,2508224861.781794
2022-09-30,2452781976.731777,1043116454.0974344,1330020398.2950647,336197636.45651823,408751778.536093,1123660864.5373282,2522343032.0020356
2022-10-01,2434668151.8653092,1042634446.2743317,1347008927.7432573,290303312.32813025,403398454.957764,1134108221.6839237,2528403338.550744
2022-10-02,2419754071.9701495,1058474514.0663595,1353786394.5239205,314817575.5369319,367944313.4059255,1180198131.8017955,2518396426.8070025
2022-10-03,2415891703.30697,1026101911.4794068,1353902306.6684353,335755635.65751904,399884047.2658447,1076983575.5623956,2526532892.9300847
2022-10-04,2386002459.0922947,1112929386.5431666,1351969889.6554432,320065649.30013794,395572456.35221934,1032708498.0652436,2496944198.594132
2022-10-05,2368796375.908498,1049591333.6615978,1331702455.8206148,331596748.82545906,378819751.4289818,1296252503.7459395,2497255958.44999
2022-10-06,2412233200.7598577,1109219411.6430123,1352414015.5035372,292690030.9160536,405013267.9795633,1080256252.380204,2542198380.672749
2022-10-07,2390108272.4535832,1072051961.1738756,1356743738.9199927,318073404.9007429,373537019.2817352,1214009990.725568,2524116372.4407506
2022-10-08,2383638319.357981,1076994780.1427126,1384187324.086991,299482948.31653285,372597938.5509785,1205765428.569758,2545253542.3378615
2022-10-09,2399944398.8226495,1080258870.36896,1340178418.1806734,308585544.79562837,392276442.845479,1224400844.6089394,2552599060.9182215
2022-10-10,2383000686.5943403,1130088092.1267395,1375166888.3311439,278652044.845359,387151518.5998951,1183754255.437368,2570713741.8958325
2022-10-11,2380387689.5227504,1063474868.7126012,1403423034.2318509,293702294.64438206,374795813.8300376,1195261731.2209666,2581382131.248404
2022-10-12,2374823454.5433273,1164279601.7814686,1380011120.226539,292773625.35955703,376132296.59180087,879560456.1783149,2571378326.4545484
2022-10-13,2295220722.190082,1121079805.7750578,1335273190.362807,296639432.36300623,378004179.3148609,1087657167.079056,2500651920.944311
2022-10-14,2272083965.823913,1115523590.6694093,1364270058.679885,275044528.6128608,378916327.51017445,936254498.8825182,2498632387.285987
2022-10-15,2196173230.4603386,1119239936.1651144,1308247646.5802922,325464625.51418513,386304536.6307481,981461947.8382849,2441037172.8831587
2022-10-16,2154921451.113618,1090010206.7103298,1275920464.2963793,302378142.9390412,386268947.3735177,1015082066.7319686,2430200915.4006557
2022-10-17,2138294572.6280923,1117107209.3018816,1304964104.1422672,312201376.8529142,379131845.9522444,931410356.0150889,2399705112.9481792
2022-10-18,2126032745.9570067,1040430845.8460847,1263169538.0556781,309890974.6245903,360321588.50183547,1154045466.0409808,2376522449.1792307
2022-10-19,2119739446.5777612,1079826477.1985881,1274661820.0873191,301920943.0484222,358062329.7970251,1106227474.8229206,2401014025.6289716
2022-10-20,2138003501.7273734,1059131004.1786386,1295358989.4638178,326070478.84616125,362758120.36690766,1208100402.1812422,2396505498.8235874
2022-10-21,2161295560.555044,1143189810.8280363,1302300542.7343168,320464635.12418795,340245521.6230705,1146416647.1874845,2427607518.03623
2022-10-22,2177521477.9010677,1138872436.1923072,1328636595.7895086,340499375.94893265,363516156.9264994,1168999265.7149498,2462315389.857033
2022-10-23,2185326944.065756,1072070386.0816725,1347023738.8699448,290779515.9414672,372048539.34574527,1067641191.5772216,2497100281.6962514
2022-10-24,2154219263.7286906,1109575535.281181,1332875313.5091333,300501975.5158697,332828023.9767261,1221560621.560734,2471945319.01787
2022-10-25,2186646418.2523007,1085195130.513302,1336431560.1742077,328877084.2612028,375777434.55963767,1045588529.9114234,2490095150.2665467
2022-10-26,2143232506.3922768,1158902824.343366,1322444082.8252645,308371379.05093336,359101716.81242496,1045046789.8233325,2475026107.845368
2022-10-27,2141643210.420504,1112422792.4653523,1300828089.069297,320604938.25181717,374731246.6106036,1075522764.7457387,2461322436.8935375
2022-10-28,2111574444.9090278,1148405334.8910582,1325982188.804537,304858778.66250265,358016114.92907375,1111727057.9317904,2454914586.355136
2022-10-29,2115240737.861635,1116185683.9314473,1364395256.4565823,299899520.6773692,376552588.8087387,1115844884.8700395,2462082915.108545
2022-10-30,2118905538.4161894,1161491732.4926374,1346967437.3396423,309307921.3241338,348279552.2570902,1066705674.5027926,2480883732.091428
2022-10-31,2102373572.6994793,1139568934.7318149,1316688281.5373127,312042040.57721865,344376375.955765,1051921494.59127,2474120837.0193434
2022-11-01,2107844112.6769173,1146678549.9660242,1300750393.7937841,303236135.6781415,357265925.95670503,1152222494.3892949,2448198433.987985
2022-11-02,2116193636.2783077,1091547764.907442,1351704779.8970191,336148117.7302091,349257500.88529265,970464507.0063268,2469293994.382158
2022-11-03,2047035479.4116485,1112382061.4459903,1348844489.4334683,318708701.32355183,378157213.027263,1348413811.5251346,2432231726.1979594
2022-11-04,2142755727.2980685,1139659985.7735238,1358139575.3242438,352436180.07859975,339337108.38183016,1052117474.9899715,2523680521.795372
2022-11-05,2117465638.4443614,1201862856.3848555,1364758851.323991,318560713.6972053,346767319.3921923,1180437931.6383636,2491915263.210057
2022-11-06,2145200688.249678,1196552681.803399,1387276714.51591,315459172.07470363,354486915.3203832,1075417646.148296,2532954345.2826624
2022-11-07,2152543174.7572284,1224946518.2280142,1377615751.630048,332792963.7575079,362203717.1927658,1034757322.4859782,2538730666.532321
2022-11-08,2143467360.9844525,1233729483.8748503,1383669119.0140018,301825765.39240795,341850550.5935068,1047262095.5484115,2523430246.689331
2022-11-09,2118508064.9746637,1202708176.261011,1376928122.19894,276868678.3953829,362634819.53073204,1147300801.3947368,2527902475.14708
2022-11-10,2114352833.5731654,1198664674.7727919,1380513334.5362024,313498415.94674623,321290980.6068513,1111866094.7134972,2538309569.1155233
2022-11-11,2101581252.6664736,1210746918.5271244,1376308499.176012,293827204.5250655,359861578.8215947,1061875770.9862396,2534569730.545984
2022-11-12,2069545772.255692,1193814731.7388513,1344752338.5191848,288879851.3874072,308179857.86848307,1149303925.350477,2516845519.016035
2022-11-13,2062399720.058786,1176936396.6908295,1383548651.771415,293830509.03690445,351450977.73716,1077314607.3361967,2514873807.039846
2022-11-14,2080946977.9229758,1197753135.5851803,1354264429.3112097,320425683.58927155,347758486.31343144,1192070513.2756746,2498857739.7713065
2022-11-15,2129932362.787166,1216493106.172038,1356670579.3475995,304284328.61106455,327525562.65527654,1118372096.409319,2540805141.468638
2022-11-16,2121998394.3408346,1235005728.095259,1389774217.3322039,311261795.04325646,356795424.29516363,945864594.9712701,2557805836.093818
2022-11-17,2073556033.9715438,1169578718.830551,1358448831.5641687,307894193.2040125,333976979.0179988,1114956379.8580265,2541336644.916428
2022-11-18,2084847490.2579165,1192199043.6306095,1347160630.9285712,300371158.35693365,358741701.2077939,899870066.4015119,2527977627.9909315
2022-11-19,1986249848.264106,1155660585.0163207,1318608104.416759,333434747.7503551,325569843.1643922,954461151.7017298,2483311646.272253
2022-11-20,1952099910.2145562,1199204816.503549,1283733170.2005565,316140292.0827538,321291492.6648561,1024228629.2800981,2461984246.9252086
2022-11-21,1977131594.6576984,1174295335.7644725,1266647486.6746283,302617375.331641,350648080.3178894,935627890.4913709,2443411756.6450953
2022-11-22,1931377192.440369,1139808609.5763803,1273077173.0907319,333256805.67456365,321906461.97320145,886633912.9365404,2432553187.2746453
2022-11-23,1864507810.5260892,1098652234.5356526,1227783064.338082,307942969.3233267,341784643.78133154,1004705167.6158446,2384035622.063552
2022-11-24,1832599966.2410474,1108856005.390319,1259008298.534017,276076392.98098934,348823023.4160984,1049843323.0423704,2363718146.1080093
2022-11-25,1855355715.0349522,1192684505.2126875,1242070658.073375,250103337.85061935,354631059.3395803,1016807889.6279013,2362467014.825064
2022-11-26,1862538564.6799576,1128720165.3535786,1207949059.3010783,289207525.8036343,347035781.4752073,1131185142.3280504,2380826676.9046617
2022-11-27,1880354652.4206476,1096389760.087134,1240828546.1786826,298690944.73332864,366504518.07605636,1060116020.5473292,2421477484.343341
2022-11-28,1865159086.95357,1120184946.6464415,1256933682.6586568,331380160.40037143,359794543.4662624,832342745.918889,2429144327.655799
2022-11-29,1830143435.7822251,1137921917.1730328,1196497743.021637,290841934.65301,370542462.20251477,1004621903.9180781,2366095756.068797
2022-11-30,1826377549.1985104,1156347363.511362,1194112036.5782208,306551087.2210336,347302770.62257046,1009829158.4272115,2384780999.483507
2022-12-01,1845082090.2855434,1158051556.4667878,1217176574.3038352,290409769.5890232,354176779.2266366,1071634313.4628596,2396229126.671203
2022-12-02,1860089675.9910798,1152982287.212886,1249788248.1119509,303655860.19052374,336291642.0380433,1034091233.2671477,2423127231.7759347
2022-12-03,1868944267.1103196,1118218707.6410627,1217087588.0327034,328004821.4950089,366088930.7089237,1085607242.4096746,2434375454.3857737
2022-12-04,1898216029.9615629,1128729660.6776793,1246331786.5658057,304408020.52900434,342648369.4603928,968463902.173273,2454633095.0000906
2022-12-05,1876594390.188402,1156355743.3631809,1214296582.4237561,308828706.2361145,331370362.90950423,851523608.6679206,2439830765.8619795
2022-12-06,1816022735.8510242,1128950770.5486157,1185595060.7169073,314854382.5725688,373276274.6335479,1002092445.7527902,2400071253.163898
2022-12-07,1836207009.6113734,1116861066.3319426,1203126803.1759405,290128343.6598175,338163497.9823056,923880209.4544123,2408402743.0915117
2022-12-08,1783459720.0475302,1080918549.8533208,1178015136.9366171,301418688.73244,325757678.0050323,801895938.2261697,2381237849.8279443
2022-12-09,1718170971.4491763,1128737771.453971,1137954543.8684225,296659589.98246217,345886749.74568164,898782322.3867192,2301114778.857916
2022-12-10,1692871524.646338,1163607256.1058564,1133296866.112934,290853399.762325,322411422.60471034,992821494.5724561,2286279912.1976476
2022-12-11,1706481676.3658698,1090564973.7522402,1155769201.1763263,301191674.466952,350223856.40388095,1018234814.5920619,2306151905.541207
2022-12-12,1715225928.1857054,1119404947.3522756,1168809555.6402588,302976426.7742021,316945151.07727814,1035449766.112751,2321293081.5978823
2022-12-13,1707208940.205086,1107154451.5186677,1185111407.0504434,290443022.5429181,340826173.4636461,1148046433.4674516,2342656170.526107
2022-12-14,1769443087.0568762,1156829482.4312792,1185436502.5491967,311678827.4326105,331275794.2729079,895524073.1380901,2383863191.331555
2022-12-15,1744849466.9705591,1146691997.3702803,1177127579.9710896,325045843.2227115,354154138.15409034,952940972.1546581,2360610500.3276987
2022-12-16,1739789775.3788185,1147558681.2732265,1159878559.0981593,300065966.6374162,309905201.5906331,1028222122.8447251,2356408183.9872565
2022-12-17,1757622460.769513,1119974613.949638,1193679605.7929673,289116162.1980595,327661221.2276437,898373088.5717403,2352421376.702558
2022-12-18,1713750033.3141556,1136645869.5972896,1187715456.996697,315753641.9057666,339006806.7118977,1045426479.3233001,2338067147.207284
2022-12-19,1749695313.7920167,1172517481.8068569,1216091224.5684085,289141106.90301716,303612485.27432376,827396270.088116,2363738564.7139883
2022-12-20,1692291971.0751376,1107973220.5978217,1184904068.002862,288649317.4596087,322363418.38009447,1075386998.0254617,2309907696.507088
2022-12-21,1712070421.4083476,1164404472.4130971,1172609578.9628625,271921860.9369808,322956130.87666684,936894992.748327,2333500657.8473516
2022-12-22,1685021760.4086404,1141830344.972594,1173920056.8143754,309990493.8237591,359249810.4528217,1028772818.918824,2337441174.909837
2022-12-23,1722642970.0811338,1166447946.2196667,1180124732.135606,287261187.2165625,330069105.04449254,1009722083.9315792,2356520218.587398
2022-12-24,1708830083.6272395,1204255146.181839,1202057827.182906,301530592.09852064,297114347.52169716,1176907369.511743,2362980608.936467
2022-12-25,1777202436.7773976,1252472040.2577126,1261031482.4708626,304723059.3705385,321582671.828719,872011685.8668138,2410399708.902455
2022-12-26,1770778706.7371438,1208981234.0323467,1201006381.9810638,297234476.79966265,316141112.33488846,1074287060.2434304,2411773698.2325997
2022-12-27,1763149298.812646,1172858983.2862234,1256132007.8338103,312847591.9379858,346255797.4887385,948919458.585128,2440083574.613346
2022-12-28,1780279604.8892262,1200602486.4449499,1198270971.666418,287106031.86054945,301583729.21205366,863299109.4049659,2420026009.6160226
2022-12-29,1705470832.086903,1230193672.2338605,1205828252.968265,315012296.07733905,348845004.8584151,988544951.6359668,2368404622.506808
2022-12-30,1750152357.7931046,1222285041.4684095,1206384274.2745404,337385249.41181904,337241245.9960165,977841127.5491747,2392082418.6164336
2022-12-31,1781518140.1387699,1191806366.0802128,1219514970.5016918,298352714.50940174,303021693.31841797,1019021852.9935298,2417970998.598489
2023-01-01,1734389098.5897079,1204315752.5199564,1257107334.7902946,283816240.9401994,338857451.83019865,963356884.8084688,2424887664.4200606
2023-01-02,1757431680.0032494,1254830563.2331011,1214501781.5619767,296924702.9530577,338936139.21264446,782123695.666333,2408619517.580965
2023-01-03,1677860258.1247735,1138666925.1374428,1187490132.987532,302684684.01595646,328298835.55789936,1061151182.5621102,2366022416.1503463
2023-01-04,1685881554.2624412,1226858038.7548575,1205868746.1747859,302717787.229979,307075652.71135205,1034763836.8459953,2366024479.920089
2023-01-05,1735402930.2739382,1245087809.0472143,1187106960.2008135,272665712.6602711,299040322.3714231,923473724.6515756,2398205169.9872847
2023-01-06,1689763512.456915,1195482246.3650477,1210782719.6422439,323119558.34993684,314820446.4842159,1177910444.0025256,2362727416.657981
2023-01-07,1772706057.3148305,1301296468.583313,1250235455.7684524,322248008.98522395,305813296.5855562,1180365625.7851396,2440808189.216611
2023-01-08,1833477675.6608045,1249658933.2209938,1294968002.823192,302798683.9012274,289461462.90446603,1065494320.7213595,2523678314.3954782
2023-01-09,1832785753.4963758,1271440863.3151438,1305040730.9676619,306377394.8862936,335108934.8455049,1184010603.1404946,2525855543.453814
2023-01-10,1905305610.2474623,1315805161.960614,1332948127.664474,294557784.7071899,304863064.70148283,1167183807.997733,2589619306.2202826
2023-01-11,1969577865.4406497,1246836193.152572,1354249544.5430846,327082356.7189314,339165832.5667184,1113892501.787424,2623044333.672449
2023-01-12,1994815932.1245844,1310944550.8157775,1350236740.7123926,310066849.96544003,305596844.5685193,1096112699.6484926,2644583775.62317
2023-01-13,1996202895.9598515,1313173025.876823,1361044645.9012897,313858323.11219037,322008864.13873136,934527595.2284899,2663906856.098698
2023-01-14,1953426524.4870818,1273768103.432824,1351872907.1710343,316291301.92959857,305066291.7031926,1087919627.0036364,2633350370.750237
2023-01-15,1945316070.0152879,1292209697.6289525,1362058704.7943232,265624033.45252278,305144097.6807634,1198972856.5258024,2659331519.3689346
2023-01-16,1999279441.3787162,1278499258.2678103,1383045938.7440886,281868558.7877896,321759931.23368543,1054768047.9607537,2668589990.417379
2023-01-17,1957246361.8513105,1299973163.048597,1352781430.2423096,312306093.8855964,313471842.6070553,1087096365.0822423,2666839902.294021
2023-01-18,1967673796.029279,1340066140.3446374,1348149644.4836133,301668938.7245774,298733516.8164322,1068428360.0093619,2665205125.248962
2023-01-19,1979210746.7333665,1293570355.084526,1355536842.9822824,307476476.7548478,333325324.5662377,1050227913.9482148,2672259887.341275
2023-01-20,1972899541.8805928,1285261065.7019002,1373763152.0445359,284840910.33281356,304389056.97531027,1103703051.4573462,2673174245.4479704
2023-01-21,1944067311.3125112,1267694378.5236335,1342297998.6437151,286171154.0781738,340354279.1778947,1149039499.683457,2666782317.0503726
2023-01-22,1959956445.6222806,1283615728.8858943,1370731630.5503206,295996374.69432694,307049763.83098763,1243902024.381807,2672530196.8921494
2023-01-23,2013664870.2201202,1324324899.3939114,1392934033.2824366,275398625.3727916,316477118.3821094,1266844831.7434564,2700697916.114201
2023-01-24,2063722212.829759,1358341023.0404248,1370616475.2083611,291808054.59794813,328939295.7930782,1241487744.8074155,2770959993.6240664
2023-01-25,2094915726.3322687,1303048172.133372,1448334360.678652,314970740.3471667,341630709.882745,1278856321.768185,2801578436.0508637
2023-01-26,2161785861.057519,1469037200.8638444,1484172704.4820678,302451676.0271614,326935230.8744168,1215127697.7251635,2849993718.447131
2023-01-27,2236373582.2628646,1336989648.6283336,1485848434.893741,268512538.42216456,296867827.4600568,1098516928.7402992,2912298379.8210115
2023-01-28,2170349283.6781716,1353977227.690523,1455631728.988059,301107675.5167234,309400688.1635901,1359203496.6359425,2851999853.685163
2023-01-29,2213175246.12058,1384274374.6007595,1509026270.8674128,336340652.4239423,306040152.0082324,1163834794.8160443,2909074685.018126
2023-01-30,2205283217.3154697,1409832542.3005526,1509931981.7105944,322700546.0018281,327480847.7927517,1248679203.3679006,2916175450.9910803
2023-01-31,2242130159.4922175,1383765900.9654148,1534629759.2717502,358710140.356767,257824509.765102,1158706551.262968,2948967066.929803
2023-02-01,2228060607.214022,1368290538.4662921,1527985978.9379404,329118367.00731313,317383366.7318496,1287531601.3093457,2928199767.942319
2023-02-02,2278769046.8689933,1380894946.5393047,1537060806.6537461,318233701.76279795,308326230.9596222,1208740473.1837273,2952351869.2205024
2023-02-03,2266864362.6892705,1395684405.8125796,1534220971.6384594,343536230.2134624,322953016.480177,1150899119.4344692,2963333336.0129447
2023-02-04,2269134666.1026373,1404363227.098865,1526857555.3758261,315337862.35693735,296840887.2237288,1260470414.2275157,2948336165.034417
2023-02-05,2271401163.4876046,1454419714.3552961,1525529193.062282,343281338.7849795,300018941.9663663,1185190889.8257315,2963421901.544767
2023-02-06,2298101454.0240965,1392701694.6861627,1548553875.4785407,339381497.02259976,301026948.4104934,1397800734.5115552,2976035278.717226
2023-02-07,2350569985.8846755,1498292318.8845506,1570587888.5313034,346740120.98781514,310364202.4309698,1202360628.1916645,3044433231.483951
2023-02-08,2368464552.312161,1424065889.9602296,1626577479.0197747,315796514.624506,317812661.0271233,1191252837.2064435,3042694635.979161
2023-02-09,2355878722.057779,1422000121.5789711,1603196461.838549,316923127.2675719,325253257.27466035,1257487464.2515416,3045884963.457694
2023-02-10,2355729046.148249,1461112067.0365112,1603897563.3712773,321825125.7321266,287453368.3054645,1214388823.8573148,3054916339.994993
2023-02-11,2353105460.2848067,1542400640.4030414,1589494299.1902199,297228732.5530792,305110470.25901604,1257091568.5119822,3051972169.9471593
2023-02-12,2377309072.9459267,1483705352.3735569,1651677904.4886105,315560415.33448887,286478384.87823135,1341352828.589884,3088469315.4191546
2023-02-13,2441136598.079348,1447810566.0232263,1625185280.0302737,344060027.7389529,296874372.90838355,1217477386.3603122,3116088122.26064
2023-02-14,2414486883.783148,1450584483.3683026,1644314089.4121244,325687685.38830405,317010193.67813426,1106001803.595608,3102030884.4918485
2023-02-15,2352704448.275089,1485341850.5688362,1613331298.3188875,313689267.0176056,325339612.1203471,1236054520.8637958,3056456005.3269114
2023-02-16,2383379821.7381964,1474663225.800999,1627903737.8460734,304350330.6162691,297913549.51324505,1326505499.918848,3054642559.19874
2023-02-17,2416860780.643314,1474961735.4400547,1642792973.432706,304797467.2093492,323150715.5856756,1321040892.764224,3096109403.2742624
2023-02-18,2466465203.3847837,1540345210.9564078,1642031331.8663244,345905700.5135477,297417049.02188414,1250468918.1633523,3134877519.3920503
2023-02-19,2463240315.549208,1510847818.3091843,1690594676.4137993,346551138.51309764,326463755.987785,1264225316.6064894,3152695095.436886
2023-02-20,2517743821.735871,1523137057.680829,1696037844.2223067,325956971.310121,338229732.8621594,1250587552.7229328,3178964198.4854517
2023-02-21,2534985376.443508,1538230965.3703096,1679430562.235845,313380172.15683514,306338091.886425,1287078319.4237003,3204616725.5184245
2023-02-22,2522071845.359518,1544171414.011158,1726494783.9456828,323210147.8487918,293973445.24942875,1363037641.4429138,3201262072.910492
2023-02-23,2558361450.0399933,1543137930.4610934,1716258348.1348662,329995787.462375,269308794.45958674,1076682950.786691,3241389336.4205904
2023-02-24,2499550130.623186,1495951899.9888947,1675214589.6855838,349271350.32718426,298597547.7125033,1259820189.594335,3174210633.4314885
2023-02-25,2498284546.147911,1476556475.5159183,1726979947.488488,316802470.98781407,331990654.8544713,1182878798.9230301,3171929413.7988544
2023-02-26,2482298452.463043,1525899392.612891,1708090897.290466,289580656.9506946,314710835.50574696,1227453788.840876,3167246907.807481
2023-02-27,2479165583.9567986,1500119303.3356457,1687651982.533317,306742936.0331427,259553284.19221258,1319945404.0681481,3168416439.5014434
2023-02-28,2496620441.6220536,1466017800.735215,1689048739.8087535,294384506.9208828,302346351.20837843,1356663647.7053359,3164526357.99892
2023-03-01,2501901440.3244014,1528140098.8993433,1697577742.116715,306197095.8431907,302065058.31885713,1379532578.9162164,3171743006.0201445
2023-03-02,2546465033.396761,1519254472.5108259,1700398806.0977821,305472754.8996946,295472822.83083963,1279785981.7508562,3201024042.3417134
2023-03-03,2524303027.298899,1521314587.8316557,1701934175.1514986,345000283.71987724,262281203.2106419,1239534007.2321553,3194014729.840308
2023-03-04,2488893955.1356263,1583980422.0286014,1722035886.8311539,345371422.5095285,280603794.5532627,1314319734.3985314,3181286485.5347166
2023-03-05,2563655247.4396863,1593614484.925849,1719692355.61474,294260881.3086718,314458785.054303,1423808279.955207,3215261596.203992
2023-03-06,2615031819.206572,1581477504.7574046,1748709718.7874246,327067558.41013753,282875358.56919855,1105157983.8744166,3267852273.088324
2023-03-07,2540500972.7956715,1573343240.5208962,1747720209.2727597,300451264.5322899,300391790.4137044,1188576109.333685,3214545429.9332595
2023-03-08,2539077475.392805,1534625609.0249832,1760601315.1308646,321249746.19906473,279895131.93027943,1120873221.803218,3192633537.831894
2023-03-09,2496998715.0878663,1589063454.4096386,1690109485.952202,347709062.7805801,273407882.4426253,1198860191.2830904,3180138743.905362
2023-03-10,2499405013.3893294,1536973162.2804759,1710597433.1509018,354894868.0727744,271536992.1548972,1283638481.1843333,3173581803.540575
2023-03-11,2515395965.5380974,1599749154.9465456,1704284508.9568186,303609851.4660058,278981842.45143646,1233904315.0526,3191823061.047847
2023-03-12,2522297153.5813317,1602634691.495095,1709573075.5995657,337055366.15564805,296068997.5567121,1295782270.244087,3184210396.6510124
2023-03-13,2541525047.980949,1604810933.8305602,1729849194.161606,340475179.60664713,303201211.90607864,1275997422.2054963,3215988570.8166695
2023-03-14,2575351012.198451,1612721080.3860064,1742703267.3102767,315076158.619267,286904433.69128823,1228403881.899552,3237079209.343957
2023-03-15,2551093793.6161633,1584707993.5067134,1761037330.5797758,303209172.61251646,274757246.5704307,1294631896.4641812,3243260086.7330675
2023-03-16,2562223729.2243924,1560137944.4076395,1742885589.2011936,342259562.1103668,279975219.90672565,1294754780.2628558,3253096717.495983
2023-03-17,2569251088.273762,1582947524.2796454,1710554306.1034307,320811050.50407,305218473.73105437,1180002568.774774,3237756815.9825377
2023-03-18,2519208277.1367445,1609921092.6957362,1742946141.7816496,305431176.2346137,253089887.94910437,1226252911.3964422,3212359784.1202564
2023-03-19,2528857378.428366,1586828120.9264338,1704354844.4506211,327171229.96229595,283184666.466418,1277246318.5199986,3187296312.1184053
2023-03-20,2518959381.8478923,1564464415.774712,1724486346.6421635,343476356.18717843,294444371.793978,1187204822.4728553,3201924165.2049956
2023-03-21,2512578907.5996256,1585579348.5891259,1747321679.799444,312368615.97858274,262260274.153893,1344035627.4408104,3188835848.9278793
2023-03-22,2544037241.0346246,1600711011.3478894,1730945590.617181,347714932.5144554,297010968.2994502,1398825276.4810445,3228264671.263574
2023-03-23,2591619221.607314,1580650431.7000217,1749287053.7485037,308256279.83873713,316176840.1562797,1354914958.1475112,3285177122.1729145
2023-03-24,2628582594.5534616,1590447952.0376167,1782305546.4831152,317866078.64018553,279184774.9426904,1220159624.4599273,3288860629.807645
2023-03-25,2603187102.7577906,1562462906.1317706,1763529285.9608312,348963559.41808754,274857204.2980574,1179368108.5356817,3268217866.5129547
2023-03-26,2560897636.7449946,1533934970.2494197,1741802934.1532357,345328458.4538695,270940522.0711476,1164254977.5138547,3237785337.538463
2023-03-27,2538648033.5855527,1577447768.450768,1701629892.2942352,298780153.1095374,304806651.8174107,1298956644.896383,3211387375.3244963
2023-03-28,2524859651.7314973,1593403099.006211,1723682925.6309946,326286953.4013546,317995178.39801437,1162340372.3150985,3219667052.685379
2023-03-29,2508297705.636727,1611518912.2435782,1695082826.7688382,308670655.0758713,279930546.08268386,1330101817.2540634,3201128278.786264
2023-03-30,2550212887.5981746,1632431224.7270834,1720792464.1721766,313055135.44509286,265144250.9283861,1327033064.439618,3228784992.676431
2023-03-31,2544718699.5667386,1560166114.585626,1729825961.6606946,311075211.9858268,275617562.38696706,1241896872.1174006,3264251236.773902
2023-04-01,2534271620.8675747,1566467690.708601,1700768575.0635211,329258511.37322146,284276622.74869645,1207738541.40161,3234489976.4936266
2023-04-02,2509088491.025334,1618817739.9443824,1690115079.4381495,357665113.2180966,264351901.31809825,1184551175.7624593,3211043369.4219365
2023-04-03,2512086620.463112,1565908002.4866009,1681219491.4298368,355520618.2273715,316196278.5713892,1252217677.7680023,3198627645.480511
2023-04-04,2515677663.772743,1636539967.817235,1706223058.0240803,344050262.9047504,266260264.00963232,1130615299.921121,3224806092.511838
2023-04-05,2498865048.145618,1517535052.8371537,1683089225.0831833,284251933.24671406,299712231.9005957,1172114810.137508,3207975862.4766483
2023-04-06,2436743825.733534,1561778866.5897257,1668054120.4922237,338417268.280333,305699892.45043725,1227626152.413125,3169855948.0861692
2023-04-07,2451427214.3335,1542947636.3577585,1672088313.7568672,295243013.7768237,305560867.18559694,1162560054.376941,3159226084.3747325
2023-04-08,2404083599.4727383,1538104427.9642737,1650072250.647386,289544268.78529507,299653940.6476096,1284717478.1328459,3138085664.1865363
2023-04-09,2435188293.152961,1557714182.122796,1643233939.9757037,327602123.97653043,303080773.8349279,1299422741.9927993,3136272954.5381866
2023-04-10,2455458761.77017,1581459358.6218915,1661814411.1579874,319215542.3510591,277416492.77185327,1417980257.295413,3179978390.7193375
2023-04-11,2538464809.7208977,1596905866.7401164,1698107350.1860125,363250291.910746,278458462.68080366,1066988925.4226804,3219295345.567278
2023-04-12,2475343634.317467,1577792465.5777729,1685954356.2583652,363410155.5199785,269534734.894002,1185800205.081067,3175032763.6126733
2023-04-13,2468540818.104233,1551423681.3449817,1664104264.203865,296606288.7343096,312327568.7190548,1065233574.9185399,3178078481.157797
2023-04-14,2402088468.0851874,1587782830.0072553,1642028655.407792,263358578.76024532,277722851.2616041,1085191172.9210982,3116682116.629766
2023-04-15,2351430318.349249,1557398906.3688846,1608983244.739801,313749764.6414827,280614328.1031356,1239655887.8318875,3075832408.2625737
2023-04-16,2371410623.7112293,1548676728.825846,1619512771.3905423,326752606.31625885,273180265.44863456,1279689291.8891087,3075996322.9811015
2023-04-17,2394128453.9472623,1505004674.7520046,1627639540.985118,281474404.2106473,309420171.702231,1405516907.0686088,3093192872.0687017
2023-04-18,2405922893.0261116,1563118001.0664065,1662096744.0203948,361012786.189479,286336032.85619175,1197845616.7483952,3134911321.434138
2023-04-19,2407313616.289648,1515165438.0764482,1659903591.0395882,324421256.28798705,285321077.3783695,1042846308.8269724,3144549269.9734025
2023-04-20,2366864159.8531637,1589663627.405369,1622299614.1567063,320996360.4297934,293871731.3645258,1230081149.0560539,3063032582.9091377
2023-04-21,2387772143.630819,1550248445.725947,1633088177.416742,305011307.1719962,278835394.43621016,1002570939.2246981,3097269015.4527717
2023-04-22,2293042323.3082776,1513857774.2759142,1617308461.3115566,311036366.75691414,302549941.30774003,1096725274.516595,3037226375.619947
2023-04-23,2269676983.576215,1516672891.2781022,1578621555.6621985,333248772.32772815,283856186.4292081,1072961519.2270225,3006753214.385251
2023-04-24,2230143196.726501,1497326348.3102627,1555982116.2596796,326161159.59445673,308193883.7337377,1314599324.7788029,2991076192.1447544
2023-04-25,2296500709.793094,1545765353.2845085,1603576383.6447713,292659503.637522,295757630.2893833,1261517226.365867,3034280405.7789984
2023-04-26,2319867021.093538,1574045249.937597,1597325994.912023,277657852.29741496,277471008.6423814,1167652827.1628244,3052218322.4958086
2023-04-27,2301441390.829176,1602036195.4923995,1615128967.9110188,293872314.17027116,282910639.0493835,1331010516.8850675,3035658873.358303
2023-04-28,2369010459.592339,1556981021.1915095,1632135836.0367577,299217123.7473461,281439955.21696097,1199269426.4961612,3099009060.266697
2023-04-29,2357508738.8934464,1547001829.0704598,1624632971.2501516,280391442.4232252,247063359.5291088,1150401522.7113957,3081026499.578521
2023-04-30,2321748550.216049,1540723976.8327155,1591745432.8343947,297893048.9163813,281468492.24867904,1162618467.1286304,3030353834.1764374
2023-05-01,2274215971.759563,1539291022.4390438,1571836636.064658,338342732.15033823,285232692.42419004,1147621418.4205818,3021327253.3259964
2023-05-02,2271943150.0174713,1553724235.7838771,1586461000.2790742,308117622.12910396,262333948.3211569,1238027891.9587245,3004598575.165203
2023-05-03,2298877260.1469145,1550869495.920885,1577590400.4433672,330685977.60332036,263126194.15113226,1233643780.0948024,3014226160.866646
2023-05-04,2281245241.8597927,1572684495.1643705,1634418551.6727257,338365607.62477946,279901340.8814779,1083348733.4346294,3019470634.28187
2023-05-05,2271350705.5229764,1560884783.6434598,1561301343.956291,324535479.65284383,289660170.1841984,1126119975.273524,3009779430.337777
2023-05-06,2244313828.1358614,1554961721.5565324,1586889303.932871,331705126.9377445,287818878.4181485,1084862305.557033,2987731582.174641
2023-05-07,2226615071.3401256,1548792912.898108,1554026677.314408,347594440.3542367,260950479.3779652,1187584181.938529,2979681294.500741
2023-05-08,2248727078.431645,1532493098.9560366,1567013903.3152676,291684008.52137655,299542508.95029634,1250702332.506736,2980962240.5919323
2023-05-09,2270714355.489642,1587782954.4855394,1572499733.6234643,318497564.3833057,278700544.40046036,1328830569.7759566,2996208399.4248624
2023-05-10,2328328372.6633844,1575072355.9588325,1615952068.8953557,333995162.20870614,289511074.61914736,1141855914.1930285,3049824761.8768787
2023-05-11,2298798617.3928905,1613635283.2432294,1603031813.676269,324383624.7489213,285147589.34260696,1146224920.8031044,3036777840.779306
2023-05-12,2310139327.7854424,1582866011.4619977,1604451822.7775025,301916864.8181466,285364588.2198937,1333522498.8240259,3042279787.6749744
2023-05-13,2370685713.136032,1617675484.3806546,1652015584.3232033,339830775.1262357,294225952.7322385,1192793190.3333795,3083126864.1188755
2023-05-14,2399825868.536463,1644038885.2450151,1640466600.7272596,315768070.7355197,273521219.318028,1310172585.4770257,3112798301.5491195
2023-05-15,2440136029.0128293,1620011140.9245007,1699636861.791694,329210960.9073502,262193142.62780395,1215831085.644256,3138273818.451882
2023-05-16,2461066612.100495,1656808206.6728585,1681095151.3255174,324130339.4245255,266689153.81088418,1290495403.6021786,3150871769.0313644
2023-05-17,2491693066.4486833,1642371882.3350475,1711495364.7279646,298826957.7758742,271281078.4828017,1272410878.596126,3171198844.223793
2023-05-18,2496443644.1098695,1607859996.815959,1703590031.6060798,329227867.3946587,269374531.27173364,1279391209.14414,3195927462.4610553
2023-05-19,2497329386.975035,1608061444.5207667,1724979546.0326266,343782149.0783112,281263582.2551499,1162780593.3819098,3193427108.8757796
2023-05-20,2460114009.270562,1609381727.749271,1690209882.48162,320508747.2329811,265455903.7091352,1242483667.619943,3178906848.609353
2023-05-21,2465088712.696385,1648432616.0255804,1699521002.146365,290057052.7934308,300927122.47100705,1147862571.8768106,3163776679.8611274
2023-05-22,2442637348.47751,1625182429.1952138,1662024758.9280384,357234224.4918727,263576096.4950441,1171344000.1595163,3155186466.0187902
2023-05-23,2427298360.0756297,1651974324.8935125,1667591737.6725745,339025929.22377145,316789893.51326,1186431792.3893497,3129909866.7983418
2023-05-24,2439466922.76347,1639354150.1144364,1709087949.4832258,312813546.84539944,287174363.27738464,1196955881.9680846,3151027502.587204
2023-05-25,2438711221.144782,1621153395.5997128,1679306129.5506644,341413311.81644297,265016547.3853889,1123104668.771737,3155687466.9032106
2023-05-26,2410812658.0231514,1594628708.0598922,1657346217.042829,325917982.08019423,266786804.73086318,1123550986.928526,3133308317.9523625
2023-05-27,2364844450.665658,1679799021.809928,1638576227.629397,328331126.50653964,290275513.6642038,1214611541.594267,3092412984.3227253
2023-05-28,2417289306.2994447,1671795394.9232426,1671166224.5766165,334298449.735718,285611393.85818124,1034399846.3286142,3118067891.3972015
2023-05-29,2379432326.5021167,1614911658.9508867,1661148474.0810032,286045388.850306,265644137.28220627,1144204044.703713,3088212054.3542647
2023-05-30,2346055888.9103007,1669051305.7026129,1630658317.67727,321784928.1502474,252815038.97283855,1062364137.1936933,3056322006.928172
2023-05-31,2312735358.8315983,1569393981.2616503,1632052355.898078,337000248.0532152,259661234.5829773,1195303753.0249748,3037376517.6339536
2023-06-01,2320849124.997659,1587293217.479666,1611827143.4189994,324932020.70284796,260795897.1258151,1086233664.2011778,3035361139.779831
2023-06-02,2283242038.578784,1601756480.2352285,1590957427.4447699,314665306.9721459,236525715.53284732,1089791614.292503,3003222559.547924
2023-06-03,2244935771.2854795,1578876275.3451474,1572263450.3228705,329470024.2797987,250019877.8302291,1096690884.6663804,2975954684.981882
2023-06-04,2219472654.4772077,1589169443.4721029,1547862547.3325756,304129426.54285145,269465031.81921005,1331753606.081681,2955728286.279209
2023-06-05,2268701926.407385,1613779315.416738,1598882880.0444498,344506611.7311454,259255848.04686174,1197973181.159794,3001389089.0673137
2023-06-06,2288550162.84182,1604577844.6250541,1575756848.0943744,308498935.9093635,276268725.2029421,1118514457.023618,3021049043.545568
2023-06-07,2242153396.614233,1624683129.7417333,1587359062.07538,303476792.54068995,237091998.38395047,1301431800.2177362,3003035061.710236
2023-06-08,2320572678.0501895,1609346079.1494584,1599588935.468498,338427594.65950775,289316504.1802002,1170558944.4347208,3026645168.8443327
2023-06-09,2311929861.377899,1616808561.2033904,1615849098.1565413,303617143.4224215,259234551.21590132,1152029388.9823658,3048973973.9843364
2023-06-10,2314678432.5215416,1630047444.0088599,1618097529.0822425,327678808.44889855,272839206.95738775,1178438195.041712,3017519959.9587007
2023-06-11,2314188536.0128508,1637986050.169423,1600841826.5977914,300809029.0738169,276183897.54093623,1161824768.7128224,3039153245.2279763
2023-06-12,2306993816.1826715,1652219626.9592278,1607659592.244165,280940442.59456813,268926527.99974275,1148163001.910637,3032384225.5864325
2023-06-13,2321155811.962616,1633224194.6807342,1614819624.8126483,299598878.52156025,269499432.16747385,1261882427.3215249,3015395911.9307284
2023-06-14,2343847048.8775506,1607376438.4184642,1603374521.0990708,319155615.8331357,256873643.7033969,1245475821.6490426,3043691446.8930535
2023-06-15,2329245533.397417,1587214953.4136534,1619262227.4472656,312996392.1177342,261845104.90726557,1139891749.0019338,3053843791.0904956
2023-06-16,2303184329.4365807,1583919099.9074996,1605887027.6681223,364624359.1909763,281925126.1325781,1197507975.7917275,3015176558.666694
2023-06-17,2314776751.43196,1594151872.0197353,1592722525.7358334,310178508.0688032,233224757.32276702,1119411266.570064,3039081779.5916986
2023-06-18,2290230246.7144814,1591734962.6891735,1595962016.8326101,305870300.65060943,246784932.91885936,1243539674.2343097,2986609424.323166
2023-06-19,2290746229.2048125,1598118185.7746353,1598165938.7292106,348981023.88491404,262465357.8545432,1081919750.7312882,3005968715.301794
2023-06-20,2286364404.3150625,1605122057.4386983,1594303546.4880779,283152961.81917834,255175890.71156234,1132707171.1950004,2981634759.047528
2023-06-21,2245172193.2227945,1613107745.6239147,1568598117.6820846,332419687.1684236,264654263.62282932,1277375594.119926,2970928662.431255
2023-06-22,2290137707.5394106,1598344850.2862492,1608451524.6867478,327275988.3746573,284603747.30886704,1233047526.839475,3016992763.950609
2023-06-23,2302411057.8914557,1616617561.9675927,1612729976.5685492,327861476.8216109,305333727.5418813,1170852183.5773425,3032815319.6291695
2023-06-24,2315465702.086751,1627954567.9090986,1601242375.9321976,321917981.3313627,280602800.1267844,1208751901.6784496,3036133057.640021
2023-06-25,2341311673.802228,1590450430.8563895,1600385134.6619492,301864002.8932253,229152479.86631563,1228216438.5855107,3052157887.809785
2023-06-26,2322560550.340075,1579870435.3792732,1599043268.6234448,296638081.5904813,252900406.05125552,1261875444.2053375,3033032658.154363
2023-06-27,2332601810.3505645,1623088367.6665802,1608392693.7903616,301499734.63336813,284600437.47643304,1072293343.6602074,3030708325.6014924
2023-06-28,2275584732.241045,1598265934.0670795,1609940045.6824098,293016826.62195164,269067998.3927221,1227357049.3107667,3003324975.1506147
2023-06-29,2284303331.4903183,1638034791.1645021,1597856003.722926,313530539.7085907,276171022.72466385,1162724755.6852257,3023252584.923052
2023-06-30,2298961714.0278907,1655959272.6988878,1588783574.439978,335012940.3867143,287514881.83899605,1049441443.0953414,3011825519.657456
2023-07-01,2292131467.398921,1578229348.3483226,1588589567.9004698,315867736.61377585,281292335.6757045,1254380959.835222,2991076848.6422625
2023-07-02,2283256042.186082,1598953641.249666,1626632221.6489625,336000305.4267744,273312217.8317684,1346919493.805654,3019089986.9392037
2023-07-03,2369489956.688184,1630527269.1536522,1624785486.3422527,334471236.9959081,292076092.2537036,1262734485.5808992,3079473277.2843757
2023-07-04,2396614368.275067,1662421924.45408,1633252700.3820853,309598974.1695211,257765602.87099522,1336384987.5976443,3111805309.430453
2023-07-05,2434223386.046991,1622108256.1019855,1671086634.670811,328185686.62870514,224461249.84380955,1201177773.073378,3131225015.337291
2023-07-06,2404853153.7823687,1668854704.1392214,1661328606.7962933,282472742.1163021,231568450.13817495,1238561077.8162408,3121628888.4895244
2023-07-07,2412025498.2715197,1614044925.2346575,1646125878.2419703,273136529.5902849,247246933.211184,1164079326.6822493,3123614350.3041363
2023-07-08,2369557971.139752,1646515756.4851577,1619874196.5683343,331818752.37812746,256085573.4413919,1079374217.356071,3081965157.6371365
2023-07-09,2336808330.194306,1630337131.2051048,1605412318.6209245,307436070.8794104,289336953.8768899,1265373394.073731,3047229398.2230325
2023-07-10,2359590795.3162856,1607242003.604019,1628724947.314525,336157455.898641,278054765.72950745,1263607010.50924,3078329912.011304
2023-07-11,2380919530.15609,1590573123.4120603,1608469668.960118,293234977.6644707,290063966.68783414,1131273419.2439733,3111354995.680477
2023-07-12,2340252188.8842754,1596928442.4887617,1618807271.5707474,322174086.3745699,230619276.090907,1056139137.483158,3070250271.6223283
2023-07-13,2302733394.960267,1592678692.0290012,1559583003.2901943,299025605.5661993,252582416.84924114,1081172958.9108453,3019747817.1471925
2023-07-14,2226951389.006879,1604318000.4379807,1572062081.3199906,330066106.9147728,244198914.93467015,1117084022.02807,2997042672.2710457
2023-07-15,2233281381.65952,1569487031.9532077,1544868256.9431994,329562807.89571536,268818863.3256074,1302395141.2567673,2967416156.7340612
2023-07-16,2279904282.4415865,1587543459.7080061,1590178857.3315845,286050000.54780215,259963247.4818967,1201864493.2383761,3010749772.682857
2023-07-17,2271016759.7068005,1622012111.3710976,1566766708.1392288,286677651.10149086,240175671.14050624,1308800074.1882162,3012639704.0583825
2023-07-18,2298584637.1995792,1612062366.2407005,1576872716.2881248,314375101.9554531,279954503.9859054,1073122950.3424754,3044785453.9514384
2023-07-19,2259050641.6843295,1554107786.3709843,1556180754.2792795,324666839.5141498,267823132.01140174,1145298032.0720236,3001705761.2662587
2023-07-20,2254322795.0281878,1572177285.3059602,1541013445.7296226,321918890.86181223,228356547.14037758,1145283536.2061229,2981434518.107973
2023-07-21,2214516719.9746766,1557461231.6423821,1549449249.6002007,270789300.0673667,260443708.8115547,1242436745.7645502,2964047958.73856
2023-07-22,2222074041.565753,1623041046.0316153,1540900719.0330079,306961321.8306446,279173026.0578664,1234853921.9210982,2963590864.8920674
2023-07-23,2256490979.480807,1591484117.4192955,1548559179.1649733,321942768.1256782,225621156.41762984,1116347745.170149,2990042526.475839
2023-07-24,2199811951.9114146,1566424087.5398908,1548474523.1714432,303019556.222677,268569156.5070652,1042139785.275102,2957196829.486062
2023-07-25,2153526493.141283,1538622749.14086,1523761058.3475373,295390249.04444987,273403746.87133086,1142552305.99836,2914776820.839663
2023-07-26,2133606916.2281294,1573480735.9961963,1502040643.5958235,296053946.76354396,250281326.50576463,1038153176.5229821,2910006923.529689
2023-07-27,2105952910.3539364,1547133306.3055062,1472076845.3253274,298807004.3017074,241915484.06301296,1141583153.1648107,2859177630.9375553
2023-07-28,2081551053.2523239,1597939766.9132106,1471332749.6995118,297715012.6348466,281724768.026413,1152203793.596258,2849478259.319662
2023-07-29,2103276677.5180755,1578263172.8908012,1487798225.6938033,288706189.82667947,261918807.10550708,1208555677.4749913,2875911156.5602117
2023-07-30,2136309014.834738,1544335842.3514836,1502025750.2215216,339040215.15398526,235816272.19923356,1089434702.1396718,2898830151.8389945
2023-07-31,2120172457.7500632,1617057554.0173328,1525157435.3706517,277228353.23072326,271465260.91784775,1024845244.9414976,2875918609.402998
2023-08-01,2108205003.1225417,1617004225.2361655,1488476467.7564654,318614255.3930308,308570758.7144597,1101258542.0402026,2867897792.32999
2023-08-02,2134562529.2126665,1576067095.4481027,1508450046.9736347,294296456.4484353,260186338.69409946,1219929218.0635405,2886156897.0156183
2023-08-03,2143842600.8700187,1539667415.9789102,1536751001.0530617,270565247.54957366,260881800.95068228,1057201737.3703396,2911154336.9539537
2023-08-04,2103155247.493722,1576869061.1590474,1471301216.0556304,316439239.64700353,267371292.1703702,1098076173.0813203,2868479288.576268
2023-08-05,2096217098.0245962,1558542800.8252635,1464082212.8428004,264019351.260149,297630522.1412833,983859359.8977664,2860817475.3592944
2023-08-06,2041114538.547432,1521946944.763464,1428397068.5778086,330831291.61459833,249652481.22495914,986013529.1655638,2797030486.5585346
2023-08-07,1975700365.3945727,1521016417.4107134,1411014365.3504682,275137331.6661517,278985463.6849043,1025463442.242225,2760795443.8664746
2023-08-08,1955564934.1219702,1555917778.2840307,1413142343.8724585,259221185.76739615,267672648.35071236,1051834455.3444053,2718015090.714475
2023-08-09,1929956114.8921752,1513382517.6409543,1412834613.2314878,304463631.5908313,232803182.46450633,1078453462.5778067,2719595680.536455
2023-08-10,1938743608.2409017,1547038080.9589546,1394875648.8856807,261433270.0125176,225997972.55660406,1160388154.750462,2722547818.698238
2023-08-11,1957144588.2729807,1519669232.909253,1405130618.61867,299011048.6768493,244557904.7685284,1149529251.5271075,2726163993.1471887
2023-08-12,1966541455.135872,1556481900.9268281,1416368146.6594183,273320275.13301647,270833901.71550286,1116999805.6669252,2742446585.505789
2023-08-13,1979776664.0018759,1534777426.1256652,1420612378.6361742,298241245.57193375,270576784.03278244,1079700044.505289,2748303031.1404266
2023-08-14,1957347316.1530604,1527832029.770812,1406232584.88409,298380173.8999193,226734723.18183285,998579967.4420722,2751686948.7622457
2023-08-15,1908654313.8971288,1536367290.5925128,1380224449.6778026,313462987.03473055,251142542.43200824,999385664.5308954,2703604424.9679446
2023-08-16,1912108301.823255,1535631766.8445008,1382458993.6967764,244488919.33241767,282719239.2817105,1146281796.3658104,2679042976.2044044
2023-08-17,1940494654.23776,1529698772.4722366,1388005760.1287076,293060187.99353826,232613545.97291508,972876482.9755055,2697068648.752112
2023-08-18,1888203402.6215236,1519922697.9174917,1367927471.4987333,318001173.4205835,250958458.89788416,963513986.6900055,2675831291.766779
2023-08-19,1870896085.8461204,1514684386.9563665,1376110283.7909636,304126005.11086524,258992258.91263425,1110288970.381479,2648122056.9147277
2023-08-20,1903056704.7357624,1568953713.0489445,1361086599.5215554,301351194.53177404,254910024.03665832,1076480312.4452448,2666662706.8959994
2023-08-21,1929667686.5601258,1538986537.3869367,1391379988.5194225,247931467.06486866,214997485.4053274,1139787455.1976283,2681951091.644781
2023-08-22,1917620817.3988893,1572822087.9396086,1368840323.559404,301864523.31500876,283617316.98586935,1189138087.234238,2699513501.918286
2023-08-23,1974818126.125994,1539250007.4074895,1428768168.6633973,294638315.60667276,248869208.06496692,1152819210.3711355,2749172248.073651
2023-08-24,1987370742.478401,1546254577.9645734,1444674507.3633306,291815308.5170256,243366391.58011743,1034911460.8571191,2770970173.196759
2023-08-25,1975307561.678081,1545714538.7580652,1399286835.1797254,261353534.70152736,257553004.78225145,1060672104.9679552,2744136402.555066
2023-08-26,1933929181.536307,1557901792.6149795,1421949695.2222378,324762632.2436936,244484099.4545509,1207748663.8054426,2722143513.3369765
2023-08-27,2015950075.555305,1557890256.8860343,1418837295.586256,317845677.153245,281794856.1029422,881752504.089936,2759292313.59819
2023-08-28,1938000544.1904967,1548173785.5436997,1422788453.1005824,292217404.95683855,260044755.63723624,1210847228.767271,2718120624.8954005
2023-08-29,1993808754.7201076,1597102744.757624,1406621341.964203,327690472.65217435,255188321.97176144,1087586762.6108384,2756491479.6090555
2023-08-30,2011127346.4921365,1582015196.264426,1437484638.8977938,310083761.3906851,282420622.425292,973644142.8235295,2768157793.528679
2023-08-31,1992114359.775473,1545016264.6599872,1462298958.626612,277811575.9262444,239873153.66039023,1042475888.65111,2755813015.2939506
2023-09-01,1989234378.4974008,1545734440.3409488,1442473242.1876185,302662771.6818546,272767416.0419951,1019297249.4973888,2719100168.9652343
2023-09-02,1954396591.0541086,1584872785.6038985,1408798076.4144688,269477499.18966985,279775901.7442153,948678143.230539,2729966169.3441567
2023-09-03,1927725129.109513,1547854064.1128235,1386685663.878491,322488673.49255645,227702255.91078588,918978056.0115054,2694448131.4953403
2023-09-04,1886573717.508732,1542241658.7420099,1377130476.0081308,270851868.27602595,261170764.3793052,1016327552.9291714,2646285530.5115204
2023-09-05,1870196625.3070288,1549945429.1972125,1369152911.735191,322920199.40941,262425826.43136418,995159620.6758263,2638240180.9978294
2023-09-06,1857989153.854614,1510776641.3392255,1349092818.2324548,314135552.8254436,270860916.0224336,1116243130.211102,2648347273.5612383
2023-09-07,1889648091.4789317,1576444897.1446245,1392006005.843485,307587309.8429355,259691667.4920401,1175501748.6054165,2663973578.5948534
2023-09-08,1963617519.315086,1540496827.5905986,1413891057.1140664,332855239.92449564,251658616.43369615,1017128802.9059544,2723189633.635847
2023-09-09,1947852581.4926574,1574771143.7338243,1405855251.8847916,310157029.36780614,239860466.3638145,1278377313.1964707,2712534192.485492
2023-09-10,2022267963.1523361,1624447063.0552053,1461062915.4738243,283946718.05431753,292722288.15989697,1102874578.1798046,2774555337.165412
2023-09-11,2060777060.6289897,1607920155.7156723,1467477171.5961516,278217289.51817846,233005669.0096018,1091055446.4259284,2807744664.4078264
2023-09-12,2043724849.0188882,1623211875.860886,1455196284.2403958,302721879.63245475,249555711.4153335,1115412185.087586,2812775883.0678806
2023-09-13,2090692054.8811526,1568401732.4283426,1460951129.6853292,286428116.71591884,232135194.2669091,1091519958.7094846,2812776510.960485
2023-09-14,2054227731.963558,1609956578.240248,1452345394.3216891,315264759.0844564,251965857.40512618,1196001407.2088225,2791913504.7806664
2023-09-15,2095904545.568627,1637435758.3996737,1472977829.1113164,281327214.43200374,277618428.7939635,1087329064.1434362,2818763762.068071
2023-09-16,2097709569.4705946,1589588972.804365,1463795514.0747082,275862963.5501868,262915971.6698446,1101014118.5103176,2834973313.7408853
2023-09-17,2075870415.1471026,1629846712.76467,1475740519.6738315,345205735.3990451,247902903.97059447,1154963926.5732458,2821238285.771296
2023-09-18,2115481084.2409282,1612097146.4481187,1509414781.6960487,268857905.72767407,249026220.41329348,1074488325.6309388,2857709070.051275
2023-09-19,2099015387.3803303,1697143957.7725365,1482686515.705952,274792288.002636,240028820.07157513,1188802604.66063,2836434119.1592784
2023-09-20,2143020672.566802,1658008114.2642012,1516537526.7793934,319036638.64115304,263780201.13785908,1137593989.8523736,2882285874.0990214
2023-09-21,2175588043.5700808,1678558354.8343575,1528148614.4016948,300271965.4669497,239516592.428574,1076104632.5704339,2897880162.552157
2023-09-22,2162261826.199098,1663050461.6369586,1527156947.510743,342687274.17862093,209932319.72787496,1195352298.1607676,2894715255.7593803
2023-09-23,2193409139.6378236,1659451913.4843745,1548993145.2285836,287871178.09342796,250019081.00492644,992098452.5914886,2925507039.1645427
2023-09-24,2149619395.685392,1646986866.4125543,1509933391.085462,301437870.41050285,242528237.66068342,1032256894.3659633,2881599367.2546186
2023-09-25,2120283482.2981079,1630311417.6674123,1486212928.6788697,278140485.404048,238194256.7495075,1204654065.6448605,2861397072.857374
2023-09-26,2125317075.276017,1622746226.3077714,1513150954.1112974,287612778.32057804,258024481.93560454,993505542.9170302,2865588964.3579235
2023-09-27,2073279056.1556697,1616950465.4786768,1469516014.4721274,319124548.6210532,228457993.98973328,1056482415.2048243,2821935829.3604355
2023-09-28,2049274743.9561486,1617428152.7772677,1468189248.8534718,282870111.00389963,269394524.5483064,1038884098.8537812,2807232469.966434
2023-09-29,2050710035.2258284,1612893337.3101068,1476218844.9779665,289642534.467706,235179275.39346883,1020533172.4795315,2787186667.8102403
2023-09-30,2015559223.3604617,1602595203.9715362,1452229135.2711253,293149213.77775866,263621927.2376915,1157348984.727983,2773341370.4510984
2023-10-01,2071678711.3455338,1615579052.1145258,1455412433.1883938,290430676.51804173,253458707.80694813,940190938.0126936,2787897871.271351
2023-10-02,2004639882.6323094,1594469298.4379714,1419910440.0644243,269585753.3309393,248061585.94694138,1045755943.2515465,2745495952.5663104
2023-10-03,1976253283.2716813,1652916149.8027353,1431969160.9097612,282571300.32605386,199963811.81927082,1076868120.6804361,2723559304.2293696
2023-10-04,1982252010.7411695,1645481717.5168593,1429644902.8465776,242294599.41895196,265940614.47714657,901721818.6632574,2727758701.2139325
2023-10-05,1952891335.115255,1620287801.8140018,1411455184.4667864,311091431.1273042,218031942.28365713,997915220.2596257,2682135602.4335003
2023-10-06,1928261069.4776816,1636738960.7753198,1406539500.1487544,261716051.89433408,244013066.56351334,943373731.5691849,2683828930.279909
2023-10-07,1922872366.4660757,1583924870.5080898,1384569929.7888463,305665705.67186135,263356207.64865777,1080806356.5990913,2658270098.0616107
2023-10-08,1937334490.2331471,1583039993.304882,1419421487.5253696,287397896.43741804,227074852.93274063,1109872194.8222113,2679165118.069395
2023-10-09,1941560922.1771789,1594021982.845311,1405868189.241584,255515223.71917292,279792881.5063259,925453700.4921347,2697712062.233457
2023-10-10,1911468584.8767374,1582365209.670336,1396458100.2734926,268090009.7200309,243535890.31922907,1062563581.842464,2651693220.224991
2023-10-11,1903214239.9243898,1616722364.8807454,1383966517.3903394,278282529.59860224,279806850.04266375,997241658.9732432,2655633122.0170255
2023-10-12,1913027061.9105134,1601695557.3572392,1396256161.9243028,301588492.38302314,232043930.17393205,1097780488.9327035,2654285453.0430746
2023-10-13,1932579507.2549548,1647484014.5192971,1418618303.4025779,317058965.4733213,229934398.28746372,1060207186.6777327,2685952391.082054
2023-10-14,1966369797.7647827,1603783504.4609873,1409930745.8636422,292931749.68541753,285057103.75970787,1031080730.832421,2703481803.7025642
2023-10-15,1967150049.6411192,1589825097.5194678,1439367566.1650958,282031851.4192207,250244874.2932133,958955632.3737373,2713213120.472172
2023-10-16,1936532834.4037056,1598607103.0571327,1412084683.0010576,307399547.97353977,258881540.8399881,950660269.2158233,2689443570.0735273
2023-10-17,1929323439.3452344,1563501506.6563804,1410483233.2168725,298529376.4487454,248258158.30042148,1079524134.9443767,2678609907.540212
2023-10-18,1934472435.0068362,1581107859.0672283,1400806431.6079538,292324365.7790097,239712093.73195317,972694444.237461,2682194303.338978
2023-10-19,1880635115.0743637,1581235490.1973667,1389137775.6500049,321563066.3846772,264129981.32393342,1060143456.8167689,2649839210.6356144
2023-10-20,1929276749.7938054,1556837943.1447039,1409080167.1244922,274527392.98503375,239087893.88618547,1070492431.3893069,2662287564.896043
2023-10-21,1914080047.6484234,1613190060.8523777,1396190690.1691904,292984901.31532025,224504184.68595845,1025260179.3792591,2666405361.7118945
2023-10-22,1921775355.0226111,1590828990.7835586,1402491581.4271574,288726667.570098,267891340.01344272,1037727341.8176167,2661027451.9017878
2023-10-23,1929336131.3480604,1615331694.5242739,1383725608.1015806,253310158.75010794,256125858.38237667,1114530910.320796,2674675677.0647573
2023-10-24,1956556598.4390557,1593341159.6124718,1409103674.338563,314005468.0793502,221340526.87459534,1088557611.7408051,2692935017.6971927
2023-10-25,1964668017.4856858,1624147569.8467362,1384465189.0294096,318980977.6079797,254651196.682232,1178170702.8266966,2711475070.846788
2023-10-26,2006160268.77068,1621163862.6056557,1445494518.2531726,289576792.1877034,251436154.45493892,995773142.9815505,2741338996.4717417
2023-10-27,1983868004.0189538,1642084348.7761023,1437922427.4297986,303487381.03523463,224585505.0038942,998555918.399967,2721446076.673294
2023-10-28,1969347217.8313122,1620732358.710374,1436559049.110812,322767486.1323222,263838029.77327532,1142563073.798434,2702588443.0789394
2023-10-29,2001498563.5133698,1633747766.5395968,1443231213.9489138,282397453.3126549,237392863.65076244,1158278296.136534,2750914784.9989886
2023-10-30,2033366844.2867882,1670566685.9801772,1466900979.131027,286351188.06175154,254682592.82948446,1055184118.469262,2763995145.1464763
2023-10-31,2053967067.0315325,1624732584.7562916,1449289652.5451539,310904028.01057464,250344237.614286,1056418298.079656,2771834989.9772553
2023-11-01,2042273415.401552,1609663806.2275608,1472014614.5683527,320954923.44186926,238594618.66460437,929986796.7064301,2773749090.086581
2023-11-02,1997289485.820503,1678073309.059802,1449384929.776908,295710621.0551374,234034693.69466546,1129643310.1094522,2728530015.522325
2023-11-03,2041200281.8856695,1659588365.7114599,1468043541.4651916,320309841.6654035,268681599.4465304,1160863625.883102,2769749792.8555846
2023-11-04,2108014481.1062858,1617306906.7889977,1493977303.5006819,296507298.2148499,257543488.6035452,1071905847.0344778,2811224463.4545484
2023-11-05,2090534754.165831,1690763996.3567932,1482241078.3544552,290766788.6261209,271731823.27126974,1034833229.8591565,2808578484.5907254
2023-11-06,2099629650.3825138,1701338565.8099468,1485610228.6186538,296701965.78184557,225181727.236618,1043460270.5281241,2815343314.1584754
2023-11-07,2098130434.0229836,1658492105.439367,1497047850.996616,273312241.6837405,237911302.1010592,1169646007.1656833,2819486441.743584
2023-11-08,2126641262.5633225,1687055810.929987,1507705140.5932658,290870233.14602154,271767091.7361968,1148945639.1419113,2830879929.1927414
2023-11-09,2152760372.4053316,1665869631.6752715,1511302055.829175,272362855.2659155,285643619.3375873,1096046472.1449935,2859530742.877798
2023-11-10,2158034611.658193,1682667382.1438022,1522452134.8787904,337997506.24673635,228696890.34700048,1073599341.3482835,2860646137.1209316
2023-11-11,2162778475.658351,1680382003.0755897,1520336228.1551225,332063183.4925912,205944313.14664957,1125452681.5007982,2865494342.227823
2023-11-12,2189114527.6708074,1689000712.2320166,1520100772.174691,302346198.58808106,252683942.7827025,1108974577.8675542,2863929977.161477
2023-11-13,2168098203.6574793,1693188617.6382551,1516035499.6022878,322023226.688832,279585902.0287837,1089787906.5354435,2880295601.3924537
2023-11-14,2185592923.215156,1692806904.5579557,1554733161.6139953,334597999.44585186,268478919.60478526,956352414.1259881,2890431327.3069606
2023-11-15,2157480250.1316047,1719627098.09987,1521744107.5432076,345178772.882639,230735047.41412893,959939932.1517282,2864051287.705502
2023-11-16,2140970433.4689372,1710863763.277655,1523767669.3811233,311914521.60513186,251942109.8846099,1099102645.0700595,2847412708.6862807
2023-11-17,2183197330.648218,1671802349.8611133,1530034166.3018873,294359098.45917016,229054804.9161322,1038682014.4171201,2871641168.7157536
2023-11-18,2143500097.8208225,1648445663.295421,1533570387.613799,271834611.5944464,219699143.7290846,1035493548.5275383,2847969634.506705
2023-11-19,2108385320.2769196,1703470840.2689118,1497059771.8736625,289938302.7593286,211996907.11057606,1110865646.3582478,2818979768.5093493
2023-11-20,2106082874.6715224,1727873284.110346,1501730523.1396537,325913136.20139134,228387632.1961445,1074201286.1602187,2821155903.1988354
2023-11-21,2131901223.0719795,1725244248.690364,1500819238.4657555,309206359.2296695,275844143.994818,984662969.3451053,2841787766.640688
2023-11-22,2140753291.3432758,1677663250.7292728,1526198580.1638546,320032257.0316812,251552358.61785665,973414823.6788193,2823870616.4498634
2023-11-23,2101960928.728275,1702697574.5604486,1498821215.9260488,303783689.90909773,232197460.5960241,1109672220.595198,2817051196.369818
2023-11-24,2121325017.7032316,1713311145.699481,1515928174.2618587,302124244.19822276,237226836.53919175,1030695876.881092,2826661370.0741167
2023-11-25,2105762239.885288,1706044342.9256737,1493981721.386308,275822509.5368676,233066633.53826022,1151874934.8118622,2827518409.6279435
2023-11-26,2120985219.031199,1718007918.9461744,1513299513.9062157,330785754.8918511,222340442.64790997,1099183334.4780262,2830972670.59524
2023-11-27,2146718912.3737967,1741036271.010052,1525575989.2449234,327748623.8387955,256085467.26366413,1012051850.3373009,2844157296.1253433
2023-11-28,2138251601.345917,1712448711.39999,1525163909.8120923,264886024.05468547,255043894.67629033,1013553650.1954466,2854621321.944809
2023-11-29,2119468524.8836803,1733941596.965125,1505845528.0053797,307752449.4961833,220757546.4917522,1155520793.0665486,2826729261.079639
2023-11-30,2149464877.5922275,1752437422.6260686,1528562973.0493035,307926555.0414264,267939700.09751242,949390782.030738,2857822994.13839
2023-12-01,2140171842.6783762,1716672845.8230777,1526158275.4037328,308890692.6317147,251208778.478234,1095904690.3134222,2832480491.7102
2023-12-02,2163266078.267081,1703259734.5140667,1537727666.0725417,328180125.69556046,261237060.78070408,1032814494.5071925,2854630123.613886
2023-12-03,2170751126.28388,1702940258.354542,1544287410.976815,308632787.90162164,262026115.40735045,1001665141.3726102,2858116853.6618757
2023-12-04,2137617970.503813,1716532024.3230078,1526276918.055037,304376188.10171545,253119711.64745784,1145594392.0117981,2848140599.6412673
2023-12-05,2159415548.490651,1718933656.3229265,1529114684.8223975,317590395.50299,213704551.8648095,1117921523.7788978,2875205822.588559
2023-12-06,2175135902.211573,1743338738.6349332,1537148848.0321565,325184181.5447105,253965925.59462932,1200371481.2645202,2873682283.906606
2023-12-07,2233912651.747368,1728600817.2262323,1568143227.2625556,300596371.1863192,197820078.00044167,1070566307.3017571,2919749453.6029234
2023-12-08,2199167923.6121793,1727831376.9139345,1551131521.9020438,330428843.0231054,211223691.66916975,1130663760.1820018,2889370377.7804427
2023-12-09,2212194795.266987,1706966042.5310516,1550508419.3091605,303652802.42321044,239562974.97314414,1044344354.0956212,2911552236.835533
2023-12-10,2185490348.8279657,1762924515.4211216,1569801656.3216033,306695232.38846844,256347679.8161011,918035228.3065012,2870843628.1563873
2023-12-11,2125290773.2844396,1765005548.1223328,1534196021.2142072,314240587.7108734,241497962.2087059,979935815.6746751,2848023382.9475527
2023-12-12,2116227602.596129,1758053256.2665422,1511555324.0990193,262437923.96380463,224733635.8572186,990490344.5618539,2836102576.4600396
2023-12-13,2099733012.2018824,1697157869.901751,1498082291.571904,295385214.7991237,221270878.6336123,1009456169.9555497,2797310381.285289
2023-12-14,2068779825.8210924,1694478478.8727705,1506543090.6043742,269752161.3350553,250048319.5036602,1047480580.9666257,2792454768.7105145
2023-12-15,2063904818.2644494,1689288370.7142622,1495361271.148733,277190167.0585271,260630468.91503996,1164267963.4648259,2780597386.8797717
2023-12-16,2101691551.3849564,1712884865.726024,1518102529.7229784,262604801.0905485,249397488.51074687,1023116398.4370725,2820363689.7683425
2023-12-17,2094010682.6435494,1710416858.7659,1491103706.0639741,290952911.98237246,221537434.86052907,983889350.142737,2795638607.206369
2023-12-18,2077107577.4456007,1692865151.7525058,1466517413.1630301,306405783.5415668,243022681.92123112,1121607256.2901063,2774995257.672508
2023-12-19,2083650870.6003733,1721956003.7796328,1496943183.8871496,286415130.1564154,236345531.1133903,932876010.3949617,2804384271.66709
2023-12-20,2044930705.220803,1702913208.1819708,1471317850.241911,295179982.0821082,247124698.99060956,1014430368.5210936,2760864892.4227543
2023-12-21,2032507211.80543,1683580723.9973307,1471242646.4548867,338244058.9881482,239923005.9909961,1112761445.009322,2751435309.102953
2023-12-22,2067845205.1276321,1713782498.0190213,1487726031.3397229,262430654.79722145,229589469.0531397,1055455971.5922428,2782531435.014077
2023-12-23,2058506437.905314,1700035009.0906518,1478234060.0148828,309471492.5756305,199027408.70375377,1076494598.9501386,2774434995.382627
2023-12-24,2068185791.4051745,1695479130.4860911,1469186383.0096104,292259099.34573174,241292761.36337125,1014049315.120988,2768804035.765388
2023-12-25,2028252788.9319487,1717174656.5494354,1473225653.6169007,269013152.79995084,236405823.72558102,982259605.2536578,2764076585.1085587
2023-12-26,2011817417.9421349,1675779314.5518494,1470073927.4252837,293261032.761381,287471372.8469379,901573357.7047489,2743039136.380104
2023-12-27,1969082189.4320796,1677102529.9889715,1427621284.0060518,257768251.20784244,241008146.06699324,908157144.3416301,2704044450.4514785
2023-12-28,1928796384.4191556,1686382329.903908,1406610639.80401,299365676.44267625,259008445.7205541,1012781725.5890801,2651496102.379486
2023-12-29,1933149321.300415,1686482408.1518598,1409307331.2964196,291635194.8173863,243285441.06079766,879756348.7013415,2669759612.326486
2023-12-30,1916602435.1996214,1671379926.9096198,1380671879.9707952,293113887.9307179,263301732.42962828,1046590899.9803116,2637271534.730343
2023-12-31,1922361374.394018,1674696994.323849,1424363033.1127193,256731630.23750693,195159162.5375157,1008430308.9901965,2653667310.421319
2024-01-01,1910762236.741226,1711691100.9124947,1400135928.902439,292408408.48079437,223220807.64194515,1023390116.9253583,2628768050.375884
2024-01-02,1904911020.409174,1688417021.532018,1426372286.2589781,286030671.94319516,254756721.0595091,1092765835.4454644,2651715017.291207
2024-01-03,1958373923.4168508,1695564147.0705705,1442855851.5151775,319846899.4328713,272513241.8105132,1143720154.9300935,2683455751.4607954
2024-01-04,2018688216.5375254,1716022502.2315376,1447973389.208923,319376013.57072806,178213196.22847122,1071814742.8669468,2739266676.942125
2024-01-05,2017134831.6141968,1739769050.3296824,1464360988.4962876,323280773.52086115,228414889.8990248,998017852.8207216,2733491596.5402527
2024-01-06,2043563230.5412316,1712925749.244992,1497045960.4093919,310220193.63716906,224780116.48721033,1159443554.9805562,2742311894.1921096
2024-01-07,2077353391.822158,1763172657.2066047,1499895966.1023624,294017954.0317845,225742211.58720484,1028181568.1800948,2789589115.083364
2024-01-08,2072543021.9579818,1729647423.389579,1499005226.647628,319510951.2861182,238131269.66561094,1070483658.2090042,2778016483.3687897
2024-01-09,2090703806.6180904,1763384933.413295,1499667108.448643,287408338.7502087,251027269.6096819,970917642.3060368,2798296921.404415
2024-01-10,2066732115.8352234,1758259123.92022,1471094219.2208812,304198752.0346881,209321221.0710405,903769061.7441835,2780837584.6503797
2024-01-11,2019099253.3076053,1704973259.2060168,1452034181.380126,275330212.34141076,244726835.35724214,1025098757.6925241,2728964372.5151052
2024-01-12,2005441703.4446251,1726234638.8933148,1442606205.1678631,335421159.84055257,239516159.48589936,1062561117.9421237,2713913110.321919
2024-01-13,2033499712.4506116,1738980617.6331546,1465258188.796281,273561666.09617317,267735719.26203564,1068722839.9458989,2732675402.2137947
2024-01-14,2043967434.6244118,1756372548.8648636,1475779839.4558637,264614643.04616046,227662112.8088015,1008083173.8002152,2748739687.074652
2024-01-15,2039563126.7438757,1726971798.8615255,1461752726.521317,313706632.493449,249499231.10283405,975070374.4751819,2731810390.0669346
2024-01-16,2035145758.3556013,1733099897.6666586,1467839544.2038136,279201266.0998181,267840230.82035726,1019467618.6401839,2733516695.03112
2024-01-17,2039744576.9863348,1731870870.6700084,1460751835.642571,313384732.5512957,265592490.35277158,1070364563.0273174,2740782059.039634
2024-01-18,2056645429.4217844,1777000220.520933,1497232771.1837907,301541053.19517016,225112660.39291173,1106265038.4603183,2766701382.4783607
2024-01-19,2102410809.5406275,1785257103.9727066,1511401906.164409,315882279.0561002,248585645.5044197,896896695.4048171,2789088104.9723096
2024-01-20,2078448435.234002,1757293408.5274496,1507779838.100673,313533993.858102,229431385.94181934,1071907575.6699872,2771380002.747463
2024-01-21,2098236099.1477873,1778837044.4722874,1503974926.6987617,253392187.71020615,261997181.65620694,978467602.338461,2790288998.566465
2024-01-22,2075941258.4451447,1747141893.4927917,1506275796.8638263,335682114.13797134,256393363.46387237,1072244898.5166366,2771869029.10385
2024-01-23,2112477814.3613534,1780277761.2031217,1496406419.771007,369716538.2962271,184495450.0160363,1155934570.0490248,2802861795.3363624
2024-01-24,2174822648.7160854,1809566702.4928029,1541762072.8887706,293179510.10977614,194907358.06081244,876668192.1493549,2849102193.8466034
2024-01-25,2085816153.1958532,1758322752.348279,1511258451.5322099,332066275.91922206,216381933.56572416,1176463596.1241674,2792603046.8244925
2024-01-26,2159429683.636921,1787953569.7300928,1534019158.4525769,342314897.6986659,196649912.31322727,1131272129.9107814,2833527067.47806
2024-01-27,2191928947.026432,1786356139.6495614,1545157451.298318,327042583.959094,227706504.09636688,1075030681.7249846,2871119338.1188717
2024-01-28,2200798626.014686,1803006315.937381,1555612455.9004245,321877679.60622233,288563563.9793836,1002799504.3135787,2873122529.2996798
2024-01-29,2207151936.851143,1797358580.051414,1542156721.5364606,305569954.8302058,198928218.66275805,1000252599.4782373,2869401459.886706
2024-01-30,2161124252.489129,1771097772.482541,1540573600.6274498,303312589.389358,250404095.46202445,1036738510.4271481,2845970933.3501453
2024-01-31,2152045161.6269083,1787425061.9517066,1526261465.0975573,287327444.23599297,266509491.1876684,1054843834.1175274,2838754088.215114
2024-02-01,2157442803.826876,1738957028.5865355,1552826602.292508,321864754.09521127,217863502.1750633,1038266921.5784882,2843303395.13147
2024-02-02,2148769779.8652015,1761950770.272714,1526457120.3451672,300291134.64413977,241172025.39693695,1093820010.473829,2822096835.149338
2024-02-03,2161823069.755411,1781111595.6005924,1545409248.6140742,323496801.87841153,231857498.63795748,954480281.3971013,2826667593.165728
2024-02-04,2124763139.375141,1749026440.0017695,1550873388.4833822,330183076.2089178,206353609.52355766,1135335302.241003,2819579672.5718503
2024-02-05,2168322620.0892205,1759813967.7220118,1529606176.185871,298747951.0751793,234055477.0322734,1100033809.513581,2847682796.491285
2024-02-06,2156268164.03467,1760204389.1621985,1543655314.0673394,286495788.7385886,247100793.38865674,958742785.643824,2849650354.900571
2024-02-07,2125094191.087006,1786885116.1702673,1529645336.8014994,331149870.5801201,247744916.6039746,1204342366.9606836,2805365649.1966386
2024-02-08,2202766919.731229,1805721416.5696065,1567057124.961558,320586202.78386116,220171150.11731508,1127653987.0709774,2872791481.8546805
2024-02-09,2234817571.2702427,1805972916.9035528,1577447213.9808939,332876781.5208257,254396676.83640677,993342121.3430614,2887332782.2598567
2024-02-10,2232155883.3637857,1835263211.956153,1571390270.1974218,324062826.4333537,253065216.32241407,1069345274.7458261,2883757289.900245
2024-02-11,2242176423.387944,1821518771.6351647,1587870424.5599232,359659939.499151,270055602.62797344,1147082267.8856325,2908421009.4876485
2024-02-12,2296691705.0440946,1854988245.8848295,1620036415.9907794,296688150.2210249,250759429.94121736,1073191329.0029957,2950057587.5666556
2024-02-13,2303341554.219119,1823393839.9996488,1600069999.689023,351246420.92553717,269465254.96702576,1002572460.9405606,2956463363.454507
2024-02-14,2289023811.0407534,1844827100.614144,1620364891.2753716,325940452.8119563,238991004.1778096,976857090.6893,2944354039.6329985
2024-02-15,2269567445.172703,1874419684.616767,1609039752.4283855,272409047.22047544,274567629.5149533,1111099077.3228714,2921512667.4156556
2024-02-16,2293658071.597838,1840791061.2260933,1624636346.2280443,334346729.2381648,265905457.30099854,1071224716.8272316,2946844183.5347214
2024-02-17,2304743195.060365,1840323431.4585664,1628841393.730967,352734250.8700766,207028262.51049697,1095597188.056002,2967360705.401254
2024-02-18,2319188256.6169457,1888215915.3149834,1634683930.898496,315866170.14347124,229504344.22203007,952550238.8766496,2978258077.8020077
2024-02-19,2299671845.424227,1844051045.362867,1598911295.8058455,327145251.4309455,247468151.82311505,1020595576.2953902,2947815035.114014
2024-02-20,2286238019.5714235,1810649576.9270475,1600187236.5309951,341531531.8916625,234948616.29699382,1008346271.7409824,2928431930.165373
2024-02-21,2268524054.6121354,1850348677.154217,1595894627.4601731,286406043.47964805,198755291.64533764,1073960515.0065603,2910270039.439331
2024-02-22,2253195904.2063513,1857735290.1442244,1602135373.9245796,335561320.46425605,277781609.47281504,971751536.0923095,2898607830.470151
2024-02-23,2254070815.916379,1852980886.436282,1598632973.954983,285876299.09383875,208011063.43570864,1124131338.32568,2906455106.33583
2024-02-24,2264199058.9190784,1874310789.3243277,1630624716.5380654,320899500.84815896,241884699.23721883,1108461361.9060493,2908133760.0928736
2024-02-25,2309507738.578771,1841712082.8445818,1627476337.850485,349138570.5217913,224751546.63763723,1018436893.2022768,2939280812.3271194
2024-02-26,2288186309.599883,1861488564.73252,1624647215.1340208,328338681.0820699,254976434.34770975,1116849168.0402014,2939689733.642263
2024-02-27,2324241507.329824,1893462767.8260899,1632300658.0676885,336191914.6303787,231657712.69669122,1060117203.1922413,2962743536.3167467
2024-02-28,2344111862.4658866,1854860387.8281603,1628968879.0037704,293653737.9116672,229546099.98623434,1014863666.7815344,2969039153.451602
2024-02-29,2298172198.3810782,1882616807.661423,1622491222.2169974,353961319.9664978,230383719.929617,1111574850.2289896,2939135373.190882
2024-03-01,2328481275.7401276,1851819380.7694397,1633804599.358769,349914428.20783603,222775442.4685982,1152072542.6271033,2974833111.427209
2024-03-02,2366805356.2494235,1856041631.0190732,1651945855.9130785,360622969.53712445,255192789.64399296,1122248899.1746883,2992341314.865726
2024-03-03,2392415853.9503055,1897462688.2054596,1672430100.8828287,323650185.128432,214083227.77463886,1063432615.3476968,3013517530.698757
2024-03-04,2389019411.4402304,1899351756.5727665,1654244142.8414357,345112140.66594845,221124000.80077058,1090858486.1711223,3009925831.6170278
2024-03-05,2396160358.0380974,1907605170.0540993,1664980170.9987385,349107816.41345644,210685983.82163474,1121111338.693092,3015973034.2706714
2024-03-06,2416862558.8977437,1892913724.0685422,1677236937.955902,370674926.4004178,219840675.87081128,1159895906.7731385,3035529633.203711
2024-03-07,2438459420.6028924,1884430529.562473,1692188295.8186228,334457691.1837802,220369885.6632755,1175727163.4201972,3057433632.294594
2024-03-08,2471785861.9675922,1915533448.5783572,1698977501.0870178,318974432.1440579,238133798.17513636,1005141517.0290563,3067599119.281628
2024-03-09,2410878943.8827534,1916810573.7446845,1688546625.296538,315565426.616393,230168268.6952216,996586972.2482541,3039059661.0091157
2024-03-10,2375231518.0957737,1870702877.3958397,1664333584.0786514,315129940.27606905,215539900.5621981,1028844954.7197739,3012760421.7988257
2024-03-11,2344605554.402511,1918979450.7652397,1639726563.575497,330747929.9019103,234262081.5966823,1117956885.2798371,2978047263.035901
2024-03-12,2375664868.4786158,1899287895.550586,1664485134.573957,333584780.8777314,260876606.23394427,995512892.5426354,2999770772.800052
2024-03-13,2363992865.6070914,1920883111.6023753,1650326923.3948858,315746468.72391826,226394056.81420496,1075647554.3577394,2989287665.0461054
2024-03-14,2372255304.4047456,1890551958.8806684,1660514235.8277876,321850115.8545496,203957926.09085625,1019102848.5676901,2985356940.4155087
2024-03-15,2341518742.0893416,1915900804.7155352,1632319357.397375,338768922.0119064,222637830.66246632,969605738.6263671,2955063276.374617
2024-03-16,2311757589.970918,1900335052.9523847,1607238172.3788357,317473754.41857654,227865775.56027535,1052837847.9845127,2934953835.029188
2024-03-17,2315069630.2777658,1915052982.1298635,1630660211.0960653,311964242.32931066,234773702.3968654,915894659.504255,2921739769.923933
2024-03-18,2274789962.3613286,1860709856.1968117,1611414401.36298,325526778.10304046,217159227.67637432,1070467855.4867022,2899188947.230451
2024-03-19,2279129031.8686275,1887565481.2173195,1607424471.0335624,337462605.1010809,187969082.9626457,1080534804.1436815,2906975501.210983
2024-03-20,2275384746.1850443,1874042275.1334567,1631681150.9539893,280050221.5376021,255671674.3558216,1042316998.4954116,2916300405.1171694
